timestamp,agent_index,action,score,is_win,is_lose,game_over,map_matrix
2026-05-28T19:11:41.828078,0,West,0.0,False,False,False,"[[0, 0, 0, 0, 0, 0, 0, 0, 0, 0, 0], [0, 2, 2, 2, 2, 2, 2, 2, 2, 3, 0], [0, 2, 0, 0, 0, 2, 0, 0, 0, 2, 0], [0, 2, 0, 2, 2, 2, 2, 2, 0, 2, 0], [0, 2, 2, 2, 0, 2, 0, 2, 2, 2, 0], [0, 0, 0, 2, 0, 2, 0, 2, 0, 0, 0], [0, 2, 2, 2, 2, 2, 2, 2, 2, 2, 0], [0, 2, 0, 2, 0, 0, 0, 2, 0, 2, 0], [0, 2, 0, 2, 0, 4, 0, 2, 0, 2, 0], [0, 5, 0, 2, 0, 1, 1, 2, 0, 2, 0], [0, 2, 0, 2, 0, 1, 1, 2, 0, 2, 0], [0, 2, 0, 2, 0, 4, 0, 2, 0, 2, 0], [0, 2, 0, 2, 0, 0, 0, 2, 0, 2, 0], [0, 2, 2, 2, 2, 2, 2, 2, 2, 2, 0], [0, 0, 0, 2, 0, 2, 0, 2, 0, 0, 0], [0, 2, 2, 2, 0, 2, 0, 2, 2, 2, 0], [0, 2, 0, 2, 2, 2, 2, 2, 0, 2, 0], [0, 2, 0, 0, 0, 2, 0, 0, 0, 2, 0], [0, 3, 2, 2, 2, 2, 2, 2, 2, 2, 0], [0, 0, 0, 0, 0, 0, 0, 0, 0, 0, 0]]"
2026-05-28T19:11:41.831787,0,West,9.0,False,False,False,"[[0, 0, 0, 0, 0, 0, 0, 0, 0, 0, 0], [0, 2, 2, 2, 2, 2, 2, 2, 2, 3, 0], [0, 2, 0, 0, 0, 2, 0, 0, 0, 2, 0], [0, 2, 0, 2, 2, 2, 2, 2, 0, 2, 0], [0, 2, 2, 2, 0, 2, 0, 2, 2, 2, 0], [0, 0, 0, 2, 0, 2, 0, 2, 0, 0, 0], [0, 2, 2, 2, 2, 2, 2, 2, 2, 2, 0], [0, 2, 0, 2, 0, 0, 0, 2, 0, 2, 0], [0, 5, 0, 2, 0, 1, 0, 2, 0, 2, 0], [0, 1, 0, 2, 0, 4, 1, 2, 0, 2, 0], [0, 2, 0, 2, 0, 4, 1, 2, 0, 2, 0], [0, 2, 0, 2, 0, 1, 0, 2, 0, 2, 0], [0, 2, 0, 2, 0, 0, 0, 2, 0, 2, 0], [0, 2, 2, 2, 2, 2, 2, 2, 2, 2, 0], [0, 0, 0, 2, 0, 2, 0, 2, 0, 0, 0], [0, 2, 2, 2, 0, 2, 0, 2, 2, 2, 0], [0, 2, 0, 2, 2, 2, 2, 2, 0, 2, 0], [0, 2, 0, 0, 0, 2, 0, 0, 0, 2, 0], [0, 3, 2, 2, 2, 2, 2, 2, 2, 2, 0], [0, 0, 0, 0, 0, 0, 0, 0, 0, 0, 0]]"
2026-05-28T19:11:41.835199,0,West,18.0,False,False,False,"[[0, 0, 0, 0, 0, 0, 0, 0, 0, 0, 0], [0, 2, 2, 2, 2, 2, 2, 2, 2, 3, 0], [0, 2, 0, 0, 0, 2, 0, 0, 0, 2, 0], [0, 2, 0, 2, 2, 2, 2, 2, 0, 2, 0], [0, 2, 2, 2, 0, 2, 0, 2, 2, 2, 0], [0, 0, 0, 2, 0, 2, 0, 2, 0, 0, 0], [0, 2, 2, 2, 2, 2, 2, 2, 2, 2, 0], [0, 5, 0, 2, 0, 0, 0, 2, 0, 2, 0], [0, 1, 0, 2, 0, 1, 0, 2, 0, 2, 0], [0, 1, 0, 2, 0, 4, 1, 2, 0, 2, 0], [0, 2, 0, 2, 0, 4, 1, 2, 0, 2, 0], [0, 2, 0, 2, 0, 1, 0, 2, 0, 2, 0], [0, 2, 0, 2, 0, 0, 0, 2, 0, 2, 0], [0, 2, 2, 2, 2, 2, 2, 2, 2, 2, 0], [0, 0, 0, 2, 0, 2, 0, 2, 0, 0, 0], [0, 2, 2, 2, 0, 2, 0, 2, 2, 2, 0], [0, 2, 0, 2, 2, 2, 2, 2, 0, 2, 0], [0, 2, 0, 0, 0, 2, 0, 0, 0, 2, 0], [0, 3, 2, 2, 2, 2, 2, 2, 2, 2, 0], [0, 0, 0, 0, 0, 0, 0, 0, 0, 0, 0]]"
2026-05-28T19:11:41.838895,0,North,27.0,False,False,False,"[[0, 0, 0, 0, 0, 0, 0, 0, 0, 0, 0], [0, 2, 2, 2, 2, 2, 2, 2, 2, 3, 0], [0, 2, 0, 0, 0, 2, 0, 0, 0, 2, 0], [0, 2, 0, 2, 2, 2, 2, 2, 0, 2, 0], [0, 2, 2, 2, 0, 2, 0, 2, 2, 2, 0], [0, 0, 0, 2, 0, 2, 0, 2, 0, 0, 0], [0, 5, 2, 2, 2, 2, 2, 2, 2, 2, 0], [0, 1, 0, 2, 0, 0, 0, 2, 0, 2, 0], [0, 1, 0, 2, 0, 4, 0, 2, 0, 2, 0], [0, 1, 0, 2, 0, 1, 1, 2, 0, 2, 0], [0, 2, 0, 2, 0, 1, 4, 2, 0, 2, 0], [0, 2, 0, 2, 0, 1, 0, 2, 0, 2, 0], [0, 2, 0, 2, 0, 0, 0, 2, 0, 2, 0], [0, 2, 2, 2, 2, 2, 2, 2, 2, 2, 0], [0, 0, 0, 2, 0, 2, 0, 2, 0, 0, 0], [0, 2, 2, 2, 0, 2, 0, 2, 2, 2, 0], [0, 2, 0, 2, 2, 2, 2, 2, 0, 2, 0], [0, 2, 0, 0, 0, 2, 0, 0, 0, 2, 0], [0, 3, 2, 2, 2, 2, 2, 2, 2, 2, 0], [0, 0, 0, 0, 0, 0, 0, 0, 0, 0, 0]]"
2026-05-28T19:11:41.841814,0,North,36.0,False,False,False,"[[0, 0, 0, 0, 0, 0, 0, 0, 0, 0, 0], [0, 2, 2, 2, 2, 2, 2, 2, 2, 3, 0], [0, 2, 0, 0, 0, 2, 0, 0, 0, 2, 0], [0, 2, 0, 2, 2, 2, 2, 2, 0, 2, 0], [0, 2, 2, 2, 0, 2, 0, 2, 2, 2, 0], [0, 0, 0, 2, 0, 2, 0, 2, 0, 0, 0], [0, 1, 5, 2, 2, 2, 2, 2, 2, 2, 0], [0, 1, 0, 2, 0, 0, 0, 2, 0, 2, 0], [0, 1, 0, 2, 0, 1, 0, 2, 0, 2, 0], [0, 1, 0, 2, 0, 4, 4, 2, 0, 2, 0], [0, 2, 0, 2, 0, 1, 1, 2, 0, 2, 0], [0, 2, 0, 2, 0, 1, 0, 2, 0, 2, 0], [0, 2, 0, 2, 0, 0, 0, 2, 0, 2, 0], [0, 2, 2, 2, 2, 2, 2, 2, 2, 2, 0], [0, 0, 0, 2, 0, 2, 0, 2, 0, 0, 0], [0, 2, 2, 2, 0, 2, 0, 2, 2, 2, 0], [0, 2, 0, 2, 2, 2, 2, 2, 0, 2, 0], [0, 2, 0, 0, 0, 2, 0, 0, 0, 2, 0], [0, 3, 2, 2, 2, 2, 2, 2, 2, 2, 0], [0, 0, 0, 0, 0, 0, 0, 0, 0, 0, 0]]"
2026-05-28T19:11:41.846338,0,West,45.0,False,False,False,"[[0, 0, 0, 0, 0, 0, 0, 0, 0, 0, 0], [0, 2, 2, 2, 2, 2, 2, 2, 2, 3, 0], [0, 2, 0, 0, 0, 2, 0, 0, 0, 2, 0], [0, 2, 0, 2, 2, 2, 2, 2, 0, 2, 0], [0, 2, 2, 2, 0, 2, 0, 2, 2, 2, 0], [0, 0, 0, 2, 0, 2, 0, 2, 0, 0, 0], [0, 1, 1, 5, 2, 2, 2, 2, 2, 2, 0], [0, 1, 0, 2, 0, 0, 0, 2, 0, 2, 0], [0, 1, 0, 2, 0, 1, 0, 2, 0, 2, 0], [0, 1, 0, 2, 0, 4, 4, 2, 0, 2, 0], [0, 2, 0, 2, 0, 1, 1, 2, 0, 2, 0], [0, 2, 0, 2, 0, 1, 0, 2, 0, 2, 0], [0, 2, 0, 2, 0, 0, 0, 2, 0, 2, 0], [0, 2, 2, 2, 2, 2, 2, 2, 2, 2, 0], [0, 0, 0, 2, 0, 2, 0, 2, 0, 0, 0], [0, 2, 2, 2, 0, 2, 0, 2, 2, 2, 0], [0, 2, 0, 2, 2, 2, 2, 2, 0, 2, 0], [0, 2, 0, 0, 0, 2, 0, 0, 0, 2, 0], [0, 3, 2, 2, 2, 2, 2, 2, 2, 2, 0], [0, 0, 0, 0, 0, 0, 0, 0, 0, 0, 0]]"
2026-05-28T19:11:41.849263,0,West,54.0,False,False,False,"[[0, 0, 0, 0, 0, 0, 0, 0, 0, 0, 0], [0, 2, 2, 2, 2, 2, 2, 2, 2, 3, 0], [0, 2, 0, 0, 0, 2, 0, 0, 0, 2, 0], [0, 2, 0, 2, 2, 2, 2, 2, 0, 2, 0], [0, 2, 2, 2, 0, 2, 0, 2, 2, 2, 0], [0, 0, 0, 5, 0, 2, 0, 2, 0, 0, 0], [0, 1, 1, 1, 2, 2, 2, 2, 2, 2, 0], [0, 1, 0, 2, 0, 0, 0, 2, 0, 2, 0], [0, 1, 0, 2, 0, 4, 0, 2, 0, 2, 0], [0, 1, 0, 2, 0, 1, 1, 2, 0, 2, 0], [0, 2, 0, 2, 0, 1, 4, 2, 0, 2, 0], [0, 2, 0, 2, 0, 1, 0, 2, 0, 2, 0], [0, 2, 0, 2, 0, 0, 0, 2, 0, 2, 0], [0, 2, 2, 2, 2, 2, 2, 2, 2, 2, 0], [0, 0, 0, 2, 0, 2, 0, 2, 0, 0, 0], [0, 2, 2, 2, 0, 2, 0, 2, 2, 2, 0], [0, 2, 0, 2, 2, 2, 2, 2, 0, 2, 0], [0, 2, 0, 0, 0, 2, 0, 0, 0, 2, 0], [0, 3, 2, 2, 2, 2, 2, 2, 2, 2, 0], [0, 0, 0, 0, 0, 0, 0, 0, 0, 0, 0]]"
2026-05-28T19:11:41.853251,0,West,63.0,False,False,False,"[[0, 0, 0, 0, 0, 0, 0, 0, 0, 0, 0], [0, 2, 2, 2, 2, 2, 2, 2, 2, 3, 0], [0, 2, 0, 0, 0, 2, 0, 0, 0, 2, 0], [0, 2, 0, 2, 2, 2, 2, 2, 0, 2, 0], [0, 2, 2, 5, 0, 2, 0, 2, 2, 2, 0], [0, 0, 0, 1, 0, 2, 0, 2, 0, 0, 0], [0, 1, 1, 1, 2, 2, 2, 2, 2, 2, 0], [0, 1, 0, 2, 0, 0, 0, 2, 0, 2, 0], [0, 1, 0, 2, 0, 1, 0, 2, 0, 2, 0], [0, 1, 0, 2, 0, 4, 1, 2, 0, 2, 0], [0, 2, 0, 2, 0, 1, 1, 4, 0, 2, 0], [0, 2, 0, 2, 0, 1, 0, 2, 0, 2, 0], [0, 2, 0, 2, 0, 0, 0, 2, 0, 2, 0], [0, 2, 2, 2, 2, 2, 2, 2, 2, 2, 0], [0, 0, 0, 2, 0, 2, 0, 2, 0, 0, 0], [0, 2, 2, 2, 0, 2, 0, 2, 2, 2, 0], [0, 2, 0, 2, 2, 2, 2, 2, 0, 2, 0], [0, 2, 0, 0, 0, 2, 0, 0, 0, 2, 0], [0, 3, 2, 2, 2, 2, 2, 2, 2, 2, 0], [0, 0, 0, 0, 0, 0, 0, 0, 0, 0, 0]]"
2026-05-28T19:11:41.856210,0,North,72.0,False,False,False,"[[0, 0, 0, 0, 0, 0, 0, 0, 0, 0, 0], [0, 2, 2, 2, 2, 2, 2, 2, 2, 3, 0], [0, 2, 0, 0, 0, 2, 0, 0, 0, 2, 0], [0, 2, 0, 5, 2, 2, 2, 2, 0, 2, 0], [0, 2, 2, 1, 0, 2, 0, 2, 2, 2, 0], [0, 0, 0, 1, 0, 2, 0, 2, 0, 0, 0], [0, 1, 1, 1, 2, 2, 2, 2, 2, 2, 0], [0, 1, 0, 2, 0, 0, 0, 2, 0, 2, 0], [0, 1, 0, 2, 0, 1, 0, 2, 0, 2, 0], [0, 1, 0, 2, 0, 1, 4, 4, 0, 2, 0], [0, 2, 0, 2, 0, 1, 1, 2, 0, 2, 0], [0, 2, 0, 2, 0, 1, 0, 2, 0, 2, 0], [0, 2, 0, 2, 0, 0, 0, 2, 0, 2, 0], [0, 2, 2, 2, 2, 2, 2, 2, 2, 2, 0], [0, 0, 0, 2, 0, 2, 0, 2, 0, 0, 0], [0, 2, 2, 2, 0, 2, 0, 2, 2, 2, 0], [0, 2, 0, 2, 2, 2, 2, 2, 0, 2, 0], [0, 2, 0, 0, 0, 2, 0, 0, 0, 2, 0], [0, 3, 2, 2, 2, 2, 2, 2, 2, 2, 0], [0, 0, 0, 0, 0, 0, 0, 0, 0, 0, 0]]"
2026-05-28T19:11:41.859410,0,North,81.0,False,False,False,"[[0, 0, 0, 0, 0, 0, 0, 0, 0, 0, 0], [0, 2, 2, 2, 2, 2, 2, 2, 2, 3, 0], [0, 2, 0, 0, 0, 2, 0, 0, 0, 2, 0], [0, 2, 0, 1, 5, 2, 2, 2, 0, 2, 0], [0, 2, 2, 1, 0, 2, 0, 2, 2, 2, 0], [0, 0, 0, 1, 0, 2, 0, 2, 0, 0, 0], [0, 1, 1, 1, 2, 2, 2, 2, 2, 2, 0], [0, 1, 0, 2, 0, 0, 0, 2, 0, 2, 0], [0, 1, 0, 2, 0, 1, 0, 2, 0, 2, 0], [0, 1, 0, 2, 0, 1, 4, 4, 0, 2, 0], [0, 2, 0, 2, 0, 1, 1, 2, 0, 2, 0], [0, 2, 0, 2, 0, 1, 0, 2, 0, 2, 0], [0, 2, 0, 2, 0, 0, 0, 2, 0, 2, 0], [0, 2, 2, 2, 2, 2, 2, 2, 2, 2, 0], [0, 0, 0, 2, 0, 2, 0, 2, 0, 0, 0], [0, 2, 2, 2, 0, 2, 0, 2, 2, 2, 0], [0, 2, 0, 2, 2, 2, 2, 2, 0, 2, 0], [0, 2, 0, 0, 0, 2, 0, 0, 0, 2, 0], [0, 3, 2, 2, 2, 2, 2, 2, 2, 2, 0], [0, 0, 0, 0, 0, 0, 0, 0, 0, 0, 0]]"
2026-05-28T19:11:41.863430,0,West,90.0,False,False,False,"[[0, 0, 0, 0, 0, 0, 0, 0, 0, 0, 0], [0, 2, 2, 2, 2, 2, 2, 2, 2, 3, 0], [0, 2, 0, 0, 0, 2, 0, 0, 0, 2, 0], [0, 2, 0, 1, 1, 5, 2, 2, 0, 2, 0], [0, 2, 2, 1, 0, 2, 0, 2, 2, 2, 0], [0, 0, 0, 1, 0, 2, 0, 2, 0, 0, 0], [0, 1, 1, 1, 2, 2, 2, 2, 2, 2, 0], [0, 1, 0, 2, 0, 0, 0, 2, 0, 2, 0], [0, 1, 0, 2, 0, 1, 0, 4, 0, 2, 0], [0, 1, 0, 2, 0, 4, 1, 2, 0, 2, 0], [0, 2, 0, 2, 0, 1, 1, 2, 0, 2, 0], [0, 2, 0, 2, 0, 1, 0, 2, 0, 2, 0], [0, 2, 0, 2, 0, 0, 0, 2, 0, 2, 0], [0, 2, 2, 2, 2, 2, 2, 2, 2, 2, 0], [0, 0, 0, 2, 0, 2, 0, 2, 0, 0, 0], [0, 2, 2, 2, 0, 2, 0, 2, 2, 2, 0], [0, 2, 0, 2, 2, 2, 2, 2, 0, 2, 0], [0, 2, 0, 0, 0, 2, 0, 0, 0, 2, 0], [0, 3, 2, 2, 2, 2, 2, 2, 2, 2, 0], [0, 0, 0, 0, 0, 0, 0, 0, 0, 0, 0]]"
2026-05-28T19:11:41.866543,0,West,99.0,False,False,False,"[[0, 0, 0, 0, 0, 0, 0, 0, 0, 0, 0], [0, 2, 2, 2, 2, 2, 2, 2, 2, 3, 0], [0, 2, 0, 0, 0, 5, 0, 0, 0, 2, 0], [0, 2, 0, 1, 1, 1, 2, 2, 0, 2, 0], [0, 2, 2, 1, 0, 2, 0, 2, 2, 2, 0], [0, 0, 0, 1, 0, 2, 0, 2, 0, 0, 0], [0, 1, 1, 1, 2, 2, 2, 2, 2, 2, 0], [0, 1, 0, 2, 0, 0, 0, 4, 0, 2, 0], [0, 1, 0, 2, 0, 4, 0, 2, 0, 2, 0], [0, 1, 0, 2, 0, 1, 1, 2, 0, 2, 0], [0, 2, 0, 2, 0, 1, 1, 2, 0, 2, 0], [0, 2, 0, 2, 0, 1, 0, 2, 0, 2, 0], [0, 2, 0, 2, 0, 0, 0, 2, 0, 2, 0], [0, 2, 2, 2, 2, 2, 2, 2, 2, 2, 0], [0, 0, 0, 2, 0, 2, 0, 2, 0, 0, 0], [0, 2, 2, 2, 0, 2, 0, 2, 2, 2, 0], [0, 2, 0, 2, 2, 2, 2, 2, 0, 2, 0], [0, 2, 0, 0, 0, 2, 0, 0, 0, 2, 0], [0, 3, 2, 2, 2, 2, 2, 2, 2, 2, 0], [0, 0, 0, 0, 0, 0, 0, 0, 0, 0, 0]]"
2026-05-28T19:11:41.869930,0,North,108.0,False,False,False,"[[0, 0, 0, 0, 0, 0, 0, 0, 0, 0, 0], [0, 2, 2, 2, 2, 5, 2, 2, 2, 3, 0], [0, 2, 0, 0, 0, 1, 0, 0, 0, 2, 0], [0, 2, 0, 1, 1, 1, 2, 2, 0, 2, 0], [0, 2, 2, 1, 0, 2, 0, 2, 2, 2, 0], [0, 0, 0, 1, 0, 2, 0, 2, 0, 0, 0], [0, 1, 1, 1, 2, 2, 2, 4, 2, 2, 0], [0, 1, 0, 2, 0, 0, 0, 2, 0, 2, 0], [0, 1, 0, 2, 0, 1, 0, 2, 0, 2, 0], [0, 1, 0, 2, 0, 4, 1, 2, 0, 2, 0], [0, 2, 0, 2, 0, 1, 1, 2, 0, 2, 0], [0, 2, 0, 2, 0, 1, 0, 2, 0, 2, 0], [0, 2, 0, 2, 0, 0, 0, 2, 0, 2, 0], [0, 2, 2, 2, 2, 2, 2, 2, 2, 2, 0], [0, 0, 0, 2, 0, 2, 0, 2, 0, 0, 0], [0, 2, 2, 2, 0, 2, 0, 2, 2, 2, 0], [0, 2, 0, 2, 2, 2, 2, 2, 0, 2, 0], [0, 2, 0, 0, 0, 2, 0, 0, 0, 2, 0], [0, 3, 2, 2, 2, 2, 2, 2, 2, 2, 0], [0, 0, 0, 0, 0, 0, 0, 0, 0, 0, 0]]"
2026-05-28T19:11:41.872951,0,North,117.0,False,False,False,"[[0, 0, 0, 0, 0, 0, 0, 0, 0, 0, 0], [0, 2, 2, 2, 2, 1, 5, 2, 2, 3, 0], [0, 2, 0, 0, 0, 1, 0, 0, 0, 2, 0], [0, 2, 0, 1, 1, 1, 2, 2, 0, 2, 0], [0, 2, 2, 1, 0, 2, 0, 2, 2, 2, 0], [0, 0, 0, 1, 0, 2, 0, 4, 0, 0, 0], [0, 1, 1, 1, 2, 2, 2, 2, 2, 2, 0], [0, 1, 0, 2, 0, 0, 0, 2, 0, 2, 0], [0, 1, 0, 2, 0, 1, 0, 2, 0, 2, 0], [0, 1, 0, 2, 0, 1, 4, 2, 0, 2, 0], [0, 2, 0, 2, 0, 1, 1, 2, 0, 2, 0], [0, 2, 0, 2, 0, 1, 0, 2, 0, 2, 0], [0, 2, 0, 2, 0, 0, 0, 2, 0, 2, 0], [0, 2, 2, 2, 2, 2, 2, 2, 2, 2, 0], [0, 0, 0, 2, 0, 2, 0, 2, 0, 0, 0], [0, 2, 2, 2, 0, 2, 0, 2, 2, 2, 0], [0, 2, 0, 2, 2, 2, 2, 2, 0, 2, 0], [0, 2, 0, 0, 0, 2, 0, 0, 0, 2, 0], [0, 3, 2, 2, 2, 2, 2, 2, 2, 2, 0], [0, 0, 0, 0, 0, 0, 0, 0, 0, 0, 0]]"
2026-05-28T19:11:41.875879,0,Stop,126.0,False,False,False,"[[0, 0, 0, 0, 0, 0, 0, 0, 0, 0, 0], [0, 2, 2, 2, 2, 1, 1, 5, 2, 3, 0], [0, 2, 0, 0, 0, 1, 0, 0, 0, 2, 0], [0, 2, 0, 1, 1, 1, 2, 2, 0, 2, 0], [0, 2, 2, 1, 0, 2, 0, 4, 2, 2, 0], [0, 0, 0, 1, 0, 2, 0, 2, 0, 0, 0], [0, 1, 1, 1, 2, 2, 2, 2, 2, 2, 0], [0, 1, 0, 2, 0, 0, 0, 2, 0, 2, 0], [0, 1, 0, 2, 0, 1, 0, 2, 0, 2, 0], [0, 1, 0, 2, 0, 1, 1, 4, 0, 2, 0], [0, 2, 0, 2, 0, 1, 1, 2, 0, 2, 0], [0, 2, 0, 2, 0, 1, 0, 2, 0, 2, 0], [0, 2, 0, 2, 0, 0, 0, 2, 0, 2, 0], [0, 2, 2, 2, 2, 2, 2, 2, 2, 2, 0], [0, 0, 0, 2, 0, 2, 0, 2, 0, 0, 0], [0, 2, 2, 2, 0, 2, 0, 2, 2, 2, 0], [0, 2, 0, 2, 2, 2, 2, 2, 0, 2, 0], [0, 2, 0, 0, 0, 2, 0, 0, 0, 2, 0], [0, 3, 2, 2, 2, 2, 2, 2, 2, 2, 0], [0, 0, 0, 0, 0, 0, 0, 0, 0, 0, 0]]"
2026-05-28T19:11:41.879103,0,North,125.0,False,False,False,"[[0, 0, 0, 0, 0, 0, 0, 0, 0, 0, 0], [0, 2, 2, 2, 2, 1, 1, 5, 2, 3, 0], [0, 2, 0, 0, 0, 1, 0, 0, 0, 2, 0], [0, 2, 0, 1, 1, 1, 2, 4, 0, 2, 0], [0, 2, 2, 1, 0, 2, 0, 2, 2, 2, 0], [0, 0, 0, 1, 0, 2, 0, 2, 0, 0, 0], [0, 1, 1, 1, 2, 2, 2, 2, 2, 2, 0], [0, 1, 0, 2, 0, 0, 0, 2, 0, 2, 0], [0, 1, 0, 2, 0, 1, 0, 4, 0, 2, 0], [0, 1, 0, 2, 0, 1, 1, 2, 0, 2, 0], [0, 2, 0, 2, 0, 1, 1, 2, 0, 2, 0], [0, 2, 0, 2, 0, 1, 0, 2, 0, 2, 0], [0, 2, 0, 2, 0, 0, 0, 2, 0, 2, 0], [0, 2, 2, 2, 2, 2, 2, 2, 2, 2, 0], [0, 0, 0, 2, 0, 2, 0, 2, 0, 0, 0], [0, 2, 2, 2, 0, 2, 0, 2, 2, 2, 0], [0, 2, 0, 2, 2, 2, 2, 2, 0, 2, 0], [0, 2, 0, 0, 0, 2, 0, 0, 0, 2, 0], [0, 3, 2, 2, 2, 2, 2, 2, 2, 2, 0], [0, 0, 0, 0, 0, 0, 0, 0, 0, 0, 0]]"
2026-05-28T19:11:41.882727,0,Stop,134.0,False,False,False,"[[0, 0, 0, 0, 0, 0, 0, 0, 0, 0, 0], [0, 2, 2, 2, 2, 1, 1, 1, 5, 3, 0], [0, 2, 0, 0, 0, 1, 0, 0, 0, 2, 0], [0, 2, 0, 1, 1, 1, 4, 2, 0, 2, 0], [0, 2, 2, 1, 0, 2, 0, 2, 2, 2, 0], [0, 0, 0, 1, 0, 2, 0, 2, 0, 0, 0], [0, 1, 1, 1, 2, 2, 2, 2, 2, 2, 0], [0, 1, 0, 2, 0, 0, 0, 4, 0, 2, 0], [0, 1, 0, 2, 0, 1, 0, 2, 0, 2, 0], [0, 1, 0, 2, 0, 1, 1, 2, 0, 2, 0], [0, 2, 0, 2, 0, 1, 1, 2, 0, 2, 0], [0, 2, 0, 2, 0, 1, 0, 2, 0, 2, 0], [0, 2, 0, 2, 0, 0, 0, 2, 0, 2, 0], [0, 2, 2, 2, 2, 2, 2, 2, 2, 2, 0], [0, 0, 0, 2, 0, 2, 0, 2, 0, 0, 0], [0, 2, 2, 2, 0, 2, 0, 2, 2, 2, 0], [0, 2, 0, 2, 2, 2, 2, 2, 0, 2, 0], [0, 2, 0, 0, 0, 2, 0, 0, 0, 2, 0], [0, 3, 2, 2, 2, 2, 2, 2, 2, 2, 0], [0, 0, 0, 0, 0, 0, 0, 0, 0, 0, 0]]"
2026-05-28T19:11:41.886540,0,North,133.0,False,False,False,"[[0, 0, 0, 0, 0, 0, 0, 0, 0, 0, 0], [0, 2, 2, 2, 2, 1, 1, 1, 5, 3, 0], [0, 2, 0, 0, 0, 1, 0, 0, 0, 2, 0], [0, 2, 0, 1, 1, 4, 2, 2, 0, 2, 0], [0, 2, 2, 1, 0, 2, 0, 2, 2, 2, 0], [0, 0, 0, 1, 0, 2, 0, 2, 0, 0, 0], [0, 1, 1, 1, 2, 2, 2, 4, 2, 2, 0], [0, 1, 0, 2, 0, 0, 0, 2, 0, 2, 0], [0, 1, 0, 2, 0, 1, 0, 2, 0, 2, 0], [0, 1, 0, 2, 0, 1, 1, 2, 0, 2, 0], [0, 2, 0, 2, 0, 1, 1, 2, 0, 2, 0], [0, 2, 0, 2, 0, 1, 0, 2, 0, 2, 0], [0, 2, 0, 2, 0, 0, 0, 2, 0, 2, 0], [0, 2, 2, 2, 2, 2, 2, 2, 2, 2, 0], [0, 0, 0, 2, 0, 2, 0, 2, 0, 0, 0], [0, 2, 2, 2, 0, 2, 0, 2, 2, 2, 0], [0, 2, 0, 2, 2, 2, 2, 2, 0, 2, 0], [0, 2, 0, 0, 0, 2, 0, 0, 0, 2, 0], [0, 3, 2, 2, 2, 2, 2, 2, 2, 2, 0], [0, 0, 0, 0, 0, 0, 0, 0, 0, 0, 0]]"
2026-05-28T19:11:41.889897,0,East,132.0,False,False,False,"[[0, 0, 0, 0, 0, 0, 0, 0, 0, 0, 0], [0, 2, 2, 2, 2, 1, 1, 1, 1, 5, 0], [0, 2, 0, 0, 0, 1, 0, 0, 0, 2, 0], [0, 2, 0, 1, 4, 1, 2, 2, 0, 2, 0], [0, 2, 2, 1, 0, 2, 0, 2, 2, 2, 0], [0, 0, 0, 1, 0, 2, 0, 2, 0, 0, 0], [0, 1, 1, 1, 2, 2, 4, 2, 2, 2, 0], [0, 1, 0, 2, 0, 0, 0, 2, 0, 2, 0], [0, 1, 0, 2, 0, 1, 0, 2, 0, 2, 0], [0, 1, 0, 2, 0, 1, 1, 2, 0, 2, 0], [0, 2, 0, 2, 0, 1, 1, 2, 0, 2, 0], [0, 2, 0, 2, 0, 1, 0, 2, 0, 2, 0], [0, 2, 0, 2, 0, 0, 0, 2, 0, 2, 0], [0, 2, 2, 2, 2, 2, 2, 2, 2, 2, 0], [0, 0, 0, 2, 0, 2, 0, 2, 0, 0, 0], [0, 2, 2, 2, 0, 2, 0, 2, 2, 2, 0], [0, 2, 0, 2, 2, 2, 2, 2, 0, 2, 0], [0, 2, 0, 0, 0, 2, 0, 0, 0, 2, 0], [0, 3, 2, 2, 2, 2, 2, 2, 2, 2, 0], [0, 0, 0, 0, 0, 0, 0, 0, 0, 0, 0]]"
2026-05-28T19:11:41.893009,0,East,141.0,False,False,False,"[[0, 0, 0, 0, 0, 0, 0, 0, 0, 0, 0], [0, 2, 2, 2, 2, 1, 1, 1, 1, 1, 0], [0, 2, 0, 0, 0, 1, 0, 0, 0, 5, 0], [0, 2, 0, 1, 4, 1, 2, 2, 0, 2, 0], [0, 2, 2, 1, 0, 2, 0, 2, 2, 2, 0], [0, 0, 0, 1, 0, 2, 0, 2, 0, 0, 0], [0, 1, 1, 1, 2, 2, 4, 2, 2, 2, 0], [0, 1, 0, 2, 0, 0, 0, 2, 0, 2, 0], [0, 1, 0, 2, 0, 1, 0, 2, 0, 2, 0], [0, 1, 0, 2, 0, 1, 1, 2, 0, 2, 0], [0, 2, 0, 2, 0, 1, 1, 2, 0, 2, 0], [0, 2, 0, 2, 0, 1, 0, 2, 0, 2, 0], [0, 2, 0, 2, 0, 0, 0, 2, 0, 2, 0], [0, 2, 2, 2, 2, 2, 2, 2, 2, 2, 0], [0, 0, 0, 2, 0, 2, 0, 2, 0, 0, 0], [0, 2, 2, 2, 0, 2, 0, 2, 2, 2, 0], [0, 2, 0, 2, 2, 2, 2, 2, 0, 2, 0], [0, 2, 0, 0, 0, 2, 0, 0, 0, 2, 0], [0, 3, 2, 2, 2, 2, 2, 2, 2, 2, 0], [0, 0, 0, 0, 0, 0, 0, 0, 0, 0, 0]]"
2026-05-28T19:11:41.897267,0,East,150.0,False,False,False,"[[0, 0, 0, 0, 0, 0, 0, 0, 0, 0, 0], [0, 2, 2, 2, 2, 1, 1, 1, 1, 1, 0], [0, 2, 0, 0, 0, 1, 0, 0, 0, 1, 0], [0, 2, 0, 4, 1, 1, 2, 2, 0, 5, 0], [0, 2, 2, 1, 0, 2, 0, 2, 2, 2, 0], [0, 0, 0, 1, 0, 2, 0, 2, 0, 0, 0], [0, 1, 1, 1, 2, 4, 2, 2, 2, 2, 0], [0, 1, 0, 2, 0, 0, 0, 2, 0, 2, 0], [0, 1, 0, 2, 0, 1, 0, 2, 0, 2, 0], [0, 1, 0, 2, 0, 1, 1, 2, 0, 2, 0], [0, 2, 0, 2, 0, 1, 1, 2, 0, 2, 0], [0, 2, 0, 2, 0, 1, 0, 2, 0, 2, 0], [0, 2, 0, 2, 0, 0, 0, 2, 0, 2, 0], [0, 2, 2, 2, 2, 2, 2, 2, 2, 2, 0], [0, 0, 0, 2, 0, 2, 0, 2, 0, 0, 0], [0, 2, 2, 2, 0, 2, 0, 2, 2, 2, 0], [0, 2, 0, 2, 2, 2, 2, 2, 0, 2, 0], [0, 2, 0, 0, 0, 2, 0, 0, 0, 2, 0], [0, 3, 2, 2, 2, 2, 2, 2, 2, 2, 0], [0, 0, 0, 0, 0, 0, 0, 0, 0, 0, 0]]"
2026-05-28T19:11:41.900337,0,South,159.0,False,False,False,"[[0, 0, 0, 0, 0, 0, 0, 0, 0, 0, 0], [0, 2, 2, 2, 2, 1, 1, 1, 1, 1, 0], [0, 2, 0, 0, 0, 1, 0, 0, 0, 1, 0], [0, 2, 0, 4, 1, 1, 2, 2, 0, 1, 0], [0, 2, 2, 1, 0, 2, 0, 2, 2, 5, 0], [0, 0, 0, 1, 0, 2, 0, 2, 0, 0, 0], [0, 1, 1, 1, 2, 4, 2, 2, 2, 2, 0], [0, 1, 0, 2, 0, 0, 0, 2, 0, 2, 0], [0, 1, 0, 2, 0, 1, 0, 2, 0, 2, 0], [0, 1, 0, 2, 0, 1, 1, 2, 0, 2, 0], [0, 2, 0, 2, 0, 1, 1, 2, 0, 2, 0], [0, 2, 0, 2, 0, 1, 0, 2, 0, 2, 0], [0, 2, 0, 2, 0, 0, 0, 2, 0, 2, 0], [0, 2, 2, 2, 2, 2, 2, 2, 2, 2, 0], [0, 0, 0, 2, 0, 2, 0, 2, 0, 0, 0], [0, 2, 2, 2, 0, 2, 0, 2, 2, 2, 0], [0, 2, 0, 2, 2, 2, 2, 2, 0, 2, 0], [0, 2, 0, 0, 0, 2, 0, 0, 0, 2, 0], [0, 3, 2, 2, 2, 2, 2, 2, 2, 2, 0], [0, 0, 0, 0, 0, 0, 0, 0, 0, 0, 0]]"
2026-05-28T19:11:41.904018,0,South,168.0,False,False,False,"[[0, 0, 0, 0, 0, 0, 0, 0, 0, 0, 0], [0, 2, 2, 2, 2, 1, 1, 1, 1, 1, 0], [0, 2, 0, 0, 0, 1, 0, 0, 0, 1, 0], [0, 2, 0, 4, 1, 1, 2, 2, 0, 1, 0], [0, 2, 2, 1, 0, 2, 0, 2, 5, 1, 0], [0, 0, 0, 1, 0, 2, 0, 2, 0, 0, 0], [0, 1, 1, 1, 4, 2, 2, 2, 2, 2, 0], [0, 1, 0, 2, 0, 0, 0, 2, 0, 2, 0], [0, 1, 0, 2, 0, 1, 0, 2, 0, 2, 0], [0, 1, 0, 2, 0, 1, 1, 2, 0, 2, 0], [0, 2, 0, 2, 0, 1, 1, 2, 0, 2, 0], [0, 2, 0, 2, 0, 1, 0, 2, 0, 2, 0], [0, 2, 0, 2, 0, 0, 0, 2, 0, 2, 0], [0, 2, 2, 2, 2, 2, 2, 2, 2, 2, 0], [0, 0, 0, 2, 0, 2, 0, 2, 0, 0, 0], [0, 2, 2, 2, 0, 2, 0, 2, 2, 2, 0], [0, 2, 0, 2, 2, 2, 2, 2, 0, 2, 0], [0, 2, 0, 0, 0, 2, 0, 0, 0, 2, 0], [0, 3, 2, 2, 2, 2, 2, 2, 2, 2, 0], [0, 0, 0, 0, 0, 0, 0, 0, 0, 0, 0]]"
2026-05-28T19:11:41.907618,0,West,177.0,False,False,False,"[[0, 0, 0, 0, 0, 0, 0, 0, 0, 0, 0], [0, 2, 2, 2, 2, 1, 1, 1, 1, 1, 0], [0, 2, 0, 0, 0, 1, 0, 0, 0, 1, 0], [0, 2, 0, 1, 1, 1, 2, 2, 0, 1, 0], [0, 2, 2, 4, 0, 2, 0, 5, 1, 1, 0], [0, 0, 0, 1, 0, 2, 0, 2, 0, 0, 0], [0, 1, 1, 1, 4, 2, 2, 2, 2, 2, 0], [0, 1, 0, 2, 0, 0, 0, 2, 0, 2, 0], [0, 1, 0, 2, 0, 1, 0, 2, 0, 2, 0], [0, 1, 0, 2, 0, 1, 1, 2, 0, 2, 0], [0, 2, 0, 2, 0, 1, 1, 2, 0, 2, 0], [0, 2, 0, 2, 0, 1, 0, 2, 0, 2, 0], [0, 2, 0, 2, 0, 0, 0, 2, 0, 2, 0], [0, 2, 2, 2, 2, 2, 2, 2, 2, 2, 0], [0, 0, 0, 2, 0, 2, 0, 2, 0, 0, 0], [0, 2, 2, 2, 0, 2, 0, 2, 2, 2, 0], [0, 2, 0, 2, 2, 2, 2, 2, 0, 2, 0], [0, 2, 0, 0, 0, 2, 0, 0, 0, 2, 0], [0, 3, 2, 2, 2, 2, 2, 2, 2, 2, 0], [0, 0, 0, 0, 0, 0, 0, 0, 0, 0, 0]]"
2026-05-28T19:11:41.910737,0,Stop,186.0,False,False,False,"[[0, 0, 0, 0, 0, 0, 0, 0, 0, 0, 0], [0, 2, 2, 2, 2, 1, 1, 1, 1, 1, 0], [0, 2, 0, 0, 0, 1, 0, 0, 0, 1, 0], [0, 2, 0, 1, 1, 1, 2, 5, 0, 1, 0], [0, 2, 2, 4, 0, 2, 0, 1, 1, 1, 0], [0, 0, 0, 1, 0, 2, 0, 2, 0, 0, 0], [0, 1, 1, 4, 2, 2, 2, 2, 2, 2, 0], [0, 1, 0, 2, 0, 0, 0, 2, 0, 2, 0], [0, 1, 0, 2, 0, 1, 0, 2, 0, 2, 0], [0, 1, 0, 2, 0, 1, 1, 2, 0, 2, 0], [0, 2, 0, 2, 0, 1, 1, 2, 0, 2, 0], [0, 2, 0, 2, 0, 1, 0, 2, 0, 2, 0], [0, 2, 0, 2, 0, 0, 0, 2, 0, 2, 0], [0, 2, 2, 2, 2, 2, 2, 2, 2, 2, 0], [0, 0, 0, 2, 0, 2, 0, 2, 0, 0, 0], [0, 2, 2, 2, 0, 2, 0, 2, 2, 2, 0], [0, 2, 0, 2, 2, 2, 2, 2, 0, 2, 0], [0, 2, 0, 0, 0, 2, 0, 0, 0, 2, 0], [0, 3, 2, 2, 2, 2, 2, 2, 2, 2, 0], [0, 0, 0, 0, 0, 0, 0, 0, 0, 0, 0]]"
2026-05-28T19:11:41.913570,0,Stop,185.0,False,False,False,"[[0, 0, 0, 0, 0, 0, 0, 0, 0, 0, 0], [0, 2, 2, 2, 2, 1, 1, 1, 1, 1, 0], [0, 2, 0, 0, 0, 1, 0, 0, 0, 1, 0], [0, 2, 0, 1, 1, 1, 2, 5, 0, 1, 0], [0, 2, 2, 1, 0, 2, 0, 1, 1, 1, 0], [0, 0, 0, 4, 0, 2, 0, 2, 0, 0, 0], [0, 1, 1, 4, 2, 2, 2, 2, 2, 2, 0], [0, 1, 0, 2, 0, 0, 0, 2, 0, 2, 0], [0, 1, 0, 2, 0, 1, 0, 2, 0, 2, 0], [0, 1, 0, 2, 0, 1, 1, 2, 0, 2, 0], [0, 2, 0, 2, 0, 1, 1, 2, 0, 2, 0], [0, 2, 0, 2, 0, 1, 0, 2, 0, 2, 0], [0, 2, 0, 2, 0, 0, 0, 2, 0, 2, 0], [0, 2, 2, 2, 2, 2, 2, 2, 2, 2, 0], [0, 0, 0, 2, 0, 2, 0, 2, 0, 0, 0], [0, 2, 2, 2, 0, 2, 0, 2, 2, 2, 0], [0, 2, 0, 2, 2, 2, 2, 2, 0, 2, 0], [0, 2, 0, 0, 0, 2, 0, 0, 0, 2, 0], [0, 3, 2, 2, 2, 2, 2, 2, 2, 2, 0], [0, 0, 0, 0, 0, 0, 0, 0, 0, 0, 0]]"
2026-05-28T19:11:41.917080,0,Stop,184.0,False,False,False,"[[0, 0, 0, 0, 0, 0, 0, 0, 0, 0, 0], [0, 2, 2, 2, 2, 1, 1, 1, 1, 1, 0], [0, 2, 0, 0, 0, 1, 0, 0, 0, 1, 0], [0, 2, 0, 1, 1, 1, 2, 5, 0, 1, 0], [0, 2, 2, 1, 0, 2, 0, 1, 1, 1, 0], [0, 0, 0, 4, 0, 2, 0, 2, 0, 0, 0], [0, 1, 4, 1, 2, 2, 2, 2, 2, 2, 0], [0, 1, 0, 2, 0, 0, 0, 2, 0, 2, 0], [0, 1, 0, 2, 0, 1, 0, 2, 0, 2, 0], [0, 1, 0, 2, 0, 1, 1, 2, 0, 2, 0], [0, 2, 0, 2, 0, 1, 1, 2, 0, 2, 0], [0, 2, 0, 2, 0, 1, 0, 2, 0, 2, 0], [0, 2, 0, 2, 0, 0, 0, 2, 0, 2, 0], [0, 2, 2, 2, 2, 2, 2, 2, 2, 2, 0], [0, 0, 0, 2, 0, 2, 0, 2, 0, 0, 0], [0, 2, 2, 2, 0, 2, 0, 2, 2, 2, 0], [0, 2, 0, 2, 2, 2, 2, 2, 0, 2, 0], [0, 2, 0, 0, 0, 2, 0, 0, 0, 2, 0], [0, 3, 2, 2, 2, 2, 2, 2, 2, 2, 0], [0, 0, 0, 0, 0, 0, 0, 0, 0, 0, 0]]"
2026-05-28T19:11:41.920017,0,Stop,183.0,False,False,False,"[[0, 0, 0, 0, 0, 0, 0, 0, 0, 0, 0], [0, 2, 2, 2, 2, 1, 1, 1, 1, 1, 0], [0, 2, 0, 0, 0, 1, 0, 0, 0, 1, 0], [0, 2, 0, 1, 1, 1, 2, 5, 0, 1, 0], [0, 2, 2, 1, 0, 2, 0, 1, 1, 1, 0], [0, 0, 0, 1, 0, 2, 0, 2, 0, 0, 0], [0, 1, 4, 4, 2, 2, 2, 2, 2, 2, 0], [0, 1, 0, 2, 0, 0, 0, 2, 0, 2, 0], [0, 1, 0, 2, 0, 1, 0, 2, 0, 2, 0], [0, 1, 0, 2, 0, 1, 1, 2, 0, 2, 0], [0, 2, 0, 2, 0, 1, 1, 2, 0, 2, 0], [0, 2, 0, 2, 0, 1, 0, 2, 0, 2, 0], [0, 2, 0, 2, 0, 0, 0, 2, 0, 2, 0], [0, 2, 2, 2, 2, 2, 2, 2, 2, 2, 0], [0, 0, 0, 2, 0, 2, 0, 2, 0, 0, 0], [0, 2, 2, 2, 0, 2, 0, 2, 2, 2, 0], [0, 2, 0, 2, 2, 2, 2, 2, 0, 2, 0], [0, 2, 0, 0, 0, 2, 0, 0, 0, 2, 0], [0, 3, 2, 2, 2, 2, 2, 2, 2, 2, 0], [0, 0, 0, 0, 0, 0, 0, 0, 0, 0, 0]]"
2026-05-28T19:11:41.923007,0,Stop,182.0,False,False,False,"[[0, 0, 0, 0, 0, 0, 0, 0, 0, 0, 0], [0, 2, 2, 2, 2, 1, 1, 1, 1, 1, 0], [0, 2, 0, 0, 0, 1, 0, 0, 0, 1, 0], [0, 2, 0, 1, 1, 1, 2, 5, 0, 1, 0], [0, 2, 2, 1, 0, 2, 0, 1, 1, 1, 0], [0, 0, 0, 1, 0, 2, 0, 2, 0, 0, 0], [0, 4, 4, 1, 2, 2, 2, 2, 2, 2, 0], [0, 1, 0, 2, 0, 0, 0, 2, 0, 2, 0], [0, 1, 0, 2, 0, 1, 0, 2, 0, 2, 0], [0, 1, 0, 2, 0, 1, 1, 2, 0, 2, 0], [0, 2, 0, 2, 0, 1, 1, 2, 0, 2, 0], [0, 2, 0, 2, 0, 1, 0, 2, 0, 2, 0], [0, 2, 0, 2, 0, 0, 0, 2, 0, 2, 0], [0, 2, 2, 2, 2, 2, 2, 2, 2, 2, 0], [0, 0, 0, 2, 0, 2, 0, 2, 0, 0, 0], [0, 2, 2, 2, 0, 2, 0, 2, 2, 2, 0], [0, 2, 0, 2, 2, 2, 2, 2, 0, 2, 0], [0, 2, 0, 0, 0, 2, 0, 0, 0, 2, 0], [0, 3, 2, 2, 2, 2, 2, 2, 2, 2, 0], [0, 0, 0, 0, 0, 0, 0, 0, 0, 0, 0]]"
2026-05-28T19:11:41.926035,0,Stop,181.0,False,False,False,"[[0, 0, 0, 0, 0, 0, 0, 0, 0, 0, 0], [0, 2, 2, 2, 2, 1, 1, 1, 1, 1, 0], [0, 2, 0, 0, 0, 1, 0, 0, 0, 1, 0], [0, 2, 0, 1, 1, 1, 2, 5, 0, 1, 0], [0, 2, 2, 1, 0, 2, 0, 1, 1, 1, 0], [0, 0, 0, 1, 0, 2, 0, 2, 0, 0, 0], [0, 4, 4, 1, 2, 2, 2, 2, 2, 2, 0], [0, 1, 0, 2, 0, 0, 0, 2, 0, 2, 0], [0, 1, 0, 2, 0, 1, 0, 2, 0, 2, 0], [0, 1, 0, 2, 0, 1, 1, 2, 0, 2, 0], [0, 2, 0, 2, 0, 1, 1, 2, 0, 2, 0], [0, 2, 0, 2, 0, 1, 0, 2, 0, 2, 0], [0, 2, 0, 2, 0, 0, 0, 2, 0, 2, 0], [0, 2, 2, 2, 2, 2, 2, 2, 2, 2, 0], [0, 0, 0, 2, 0, 2, 0, 2, 0, 0, 0], [0, 2, 2, 2, 0, 2, 0, 2, 2, 2, 0], [0, 2, 0, 2, 2, 2, 2, 2, 0, 2, 0], [0, 2, 0, 0, 0, 2, 0, 0, 0, 2, 0], [0, 3, 2, 2, 2, 2, 2, 2, 2, 2, 0], [0, 0, 0, 0, 0, 0, 0, 0, 0, 0, 0]]"
2026-05-28T19:11:41.929176,0,Stop,180.0,False,False,False,"[[0, 0, 0, 0, 0, 0, 0, 0, 0, 0, 0], [0, 2, 2, 2, 2, 1, 1, 1, 1, 1, 0], [0, 2, 0, 0, 0, 1, 0, 0, 0, 1, 0], [0, 2, 0, 1, 1, 1, 2, 5, 0, 1, 0], [0, 2, 2, 1, 0, 2, 0, 1, 1, 1, 0], [0, 0, 0, 1, 0, 2, 0, 2, 0, 0, 0], [0, 4, 1, 1, 2, 2, 2, 2, 2, 2, 0], [0, 1, 0, 2, 0, 0, 0, 2, 0, 2, 0], [0, 1, 0, 2, 0, 1, 0, 2, 0, 2, 0], [0, 1, 0, 2, 0, 1, 1, 2, 0, 2, 0], [0, 2, 0, 2, 0, 1, 1, 2, 0, 2, 0], [0, 2, 0, 2, 0, 1, 0, 2, 0, 2, 0], [0, 2, 0, 2, 0, 0, 0, 2, 0, 2, 0], [0, 2, 2, 2, 2, 2, 2, 2, 2, 2, 0], [0, 0, 0, 2, 0, 2, 0, 2, 0, 0, 0], [0, 2, 2, 2, 0, 2, 0, 2, 2, 2, 0], [0, 2, 0, 2, 2, 2, 2, 2, 0, 2, 0], [0, 2, 0, 0, 0, 2, 0, 0, 0, 2, 0], [0, 3, 2, 2, 2, 2, 2, 2, 2, 2, 0], [0, 0, 0, 0, 0, 0, 0, 0, 0, 0, 0]]"
2026-05-28T19:11:41.932774,0,Stop,179.0,False,False,False,"[[0, 0, 0, 0, 0, 0, 0, 0, 0, 0, 0], [0, 2, 2, 2, 2, 1, 1, 1, 1, 1, 0], [0, 2, 0, 0, 0, 1, 0, 0, 0, 1, 0], [0, 2, 0, 1, 1, 1, 2, 5, 0, 1, 0], [0, 2, 2, 1, 0, 2, 0, 1, 1, 1, 0], [0, 0, 0, 1, 0, 2, 0, 2, 0, 0, 0], [0, 4, 1, 1, 2, 2, 2, 2, 2, 2, 0], [0, 4, 0, 2, 0, 0, 0, 2, 0, 2, 0], [0, 1, 0, 2, 0, 1, 0, 2, 0, 2, 0], [0, 1, 0, 2, 0, 1, 1, 2, 0, 2, 0], [0, 2, 0, 2, 0, 1, 1, 2, 0, 2, 0], [0, 2, 0, 2, 0, 1, 0, 2, 0, 2, 0], [0, 2, 0, 2, 0, 0, 0, 2, 0, 2, 0], [0, 2, 2, 2, 2, 2, 2, 2, 2, 2, 0], [0, 0, 0, 2, 0, 2, 0, 2, 0, 0, 0], [0, 2, 2, 2, 0, 2, 0, 2, 2, 2, 0], [0, 2, 0, 2, 2, 2, 2, 2, 0, 2, 0], [0, 2, 0, 0, 0, 2, 0, 0, 0, 2, 0], [0, 3, 2, 2, 2, 2, 2, 2, 2, 2, 0], [0, 0, 0, 0, 0, 0, 0, 0, 0, 0, 0]]"
2026-05-28T19:11:41.935687,0,Stop,178.0,False,False,False,"[[0, 0, 0, 0, 0, 0, 0, 0, 0, 0, 0], [0, 2, 2, 2, 2, 1, 1, 1, 1, 1, 0], [0, 2, 0, 0, 0, 1, 0, 0, 0, 1, 0], [0, 2, 0, 1, 1, 1, 2, 5, 0, 1, 0], [0, 2, 2, 1, 0, 2, 0, 1, 1, 1, 0], [0, 0, 0, 1, 0, 2, 0, 2, 0, 0, 0], [0, 4, 1, 1, 2, 2, 2, 2, 2, 2, 0], [0, 4, 0, 2, 0, 0, 0, 2, 0, 2, 0], [0, 1, 0, 2, 0, 1, 0, 2, 0, 2, 0], [0, 1, 0, 2, 0, 1, 1, 2, 0, 2, 0], [0, 2, 0, 2, 0, 1, 1, 2, 0, 2, 0], [0, 2, 0, 2, 0, 1, 0, 2, 0, 2, 0], [0, 2, 0, 2, 0, 0, 0, 2, 0, 2, 0], [0, 2, 2, 2, 2, 2, 2, 2, 2, 2, 0], [0, 0, 0, 2, 0, 2, 0, 2, 0, 0, 0], [0, 2, 2, 2, 0, 2, 0, 2, 2, 2, 0], [0, 2, 0, 2, 2, 2, 2, 2, 0, 2, 0], [0, 2, 0, 0, 0, 2, 0, 0, 0, 2, 0], [0, 3, 2, 2, 2, 2, 2, 2, 2, 2, 0], [0, 0, 0, 0, 0, 0, 0, 0, 0, 0, 0]]"
2026-05-28T19:11:41.938745,0,Stop,177.0,False,False,False,"[[0, 0, 0, 0, 0, 0, 0, 0, 0, 0, 0], [0, 2, 2, 2, 2, 1, 1, 1, 1, 1, 0], [0, 2, 0, 0, 0, 1, 0, 0, 0, 1, 0], [0, 2, 0, 1, 1, 1, 2, 5, 0, 1, 0], [0, 2, 2, 1, 0, 2, 0, 1, 1, 1, 0], [0, 0, 0, 1, 0, 2, 0, 2, 0, 0, 0], [0, 1, 1, 1, 2, 2, 2, 2, 2, 2, 0], [0, 4, 0, 2, 0, 0, 0, 2, 0, 2, 0], [0, 4, 0, 2, 0, 1, 0, 2, 0, 2, 0], [0, 1, 0, 2, 0, 1, 1, 2, 0, 2, 0], [0, 2, 0, 2, 0, 1, 1, 2, 0, 2, 0], [0, 2, 0, 2, 0, 1, 0, 2, 0, 2, 0], [0, 2, 0, 2, 0, 0, 0, 2, 0, 2, 0], [0, 2, 2, 2, 2, 2, 2, 2, 2, 2, 0], [0, 0, 0, 2, 0, 2, 0, 2, 0, 0, 0], [0, 2, 2, 2, 0, 2, 0, 2, 2, 2, 0], [0, 2, 0, 2, 2, 2, 2, 2, 0, 2, 0], [0, 2, 0, 0, 0, 2, 0, 0, 0, 2, 0], [0, 3, 2, 2, 2, 2, 2, 2, 2, 2, 0], [0, 0, 0, 0, 0, 0, 0, 0, 0, 0, 0]]"
2026-05-28T19:11:41.941907,0,Stop,176.0,False,False,False,"[[0, 0, 0, 0, 0, 0, 0, 0, 0, 0, 0], [0, 2, 2, 2, 2, 1, 1, 1, 1, 1, 0], [0, 2, 0, 0, 0, 1, 0, 0, 0, 1, 0], [0, 2, 0, 1, 1, 1, 2, 5, 0, 1, 0], [0, 2, 2, 1, 0, 2, 0, 1, 1, 1, 0], [0, 0, 0, 1, 0, 2, 0, 2, 0, 0, 0], [0, 1, 1, 1, 2, 2, 2, 2, 2, 2, 0], [0, 4, 0, 2, 0, 0, 0, 2, 0, 2, 0], [0, 4, 0, 2, 0, 1, 0, 2, 0, 2, 0], [0, 1, 0, 2, 0, 1, 1, 2, 0, 2, 0], [0, 2, 0, 2, 0, 1, 1, 2, 0, 2, 0], [0, 2, 0, 2, 0, 1, 0, 2, 0, 2, 0], [0, 2, 0, 2, 0, 0, 0, 2, 0, 2, 0], [0, 2, 2, 2, 2, 2, 2, 2, 2, 2, 0], [0, 0, 0, 2, 0, 2, 0, 2, 0, 0, 0], [0, 2, 2, 2, 0, 2, 0, 2, 2, 2, 0], [0, 2, 0, 2, 2, 2, 2, 2, 0, 2, 0], [0, 2, 0, 0, 0, 2, 0, 0, 0, 2, 0], [0, 3, 2, 2, 2, 2, 2, 2, 2, 2, 0], [0, 0, 0, 0, 0, 0, 0, 0, 0, 0, 0]]"
2026-05-28T19:11:41.945301,0,Stop,175.0,False,False,False,"[[0, 0, 0, 0, 0, 0, 0, 0, 0, 0, 0], [0, 2, 2, 2, 2, 1, 1, 1, 1, 1, 0], [0, 2, 0, 0, 0, 1, 0, 0, 0, 1, 0], [0, 2, 0, 1, 1, 1, 2, 5, 0, 1, 0], [0, 2, 2, 1, 0, 2, 0, 1, 1, 1, 0], [0, 0, 0, 1, 0, 2, 0, 2, 0, 0, 0], [0, 1, 1, 1, 2, 2, 2, 2, 2, 2, 0], [0, 1, 0, 2, 0, 0, 0, 2, 0, 2, 0], [0, 4, 0, 2, 0, 1, 0, 2, 0, 2, 0], [0, 4, 0, 2, 0, 1, 1, 2, 0, 2, 0], [0, 2, 0, 2, 0, 1, 1, 2, 0, 2, 0], [0, 2, 0, 2, 0, 1, 0, 2, 0, 2, 0], [0, 2, 0, 2, 0, 0, 0, 2, 0, 2, 0], [0, 2, 2, 2, 2, 2, 2, 2, 2, 2, 0], [0, 0, 0, 2, 0, 2, 0, 2, 0, 0, 0], [0, 2, 2, 2, 0, 2, 0, 2, 2, 2, 0], [0, 2, 0, 2, 2, 2, 2, 2, 0, 2, 0], [0, 2, 0, 0, 0, 2, 0, 0, 0, 2, 0], [0, 3, 2, 2, 2, 2, 2, 2, 2, 2, 0], [0, 0, 0, 0, 0, 0, 0, 0, 0, 0, 0]]"
2026-05-28T19:11:41.948322,0,Stop,174.0,False,False,False,"[[0, 0, 0, 0, 0, 0, 0, 0, 0, 0, 0], [0, 2, 2, 2, 2, 1, 1, 1, 1, 1, 0], [0, 2, 0, 0, 0, 1, 0, 0, 0, 1, 0], [0, 2, 0, 1, 1, 1, 2, 5, 0, 1, 0], [0, 2, 2, 1, 0, 2, 0, 1, 1, 1, 0], [0, 0, 0, 1, 0, 2, 0, 2, 0, 0, 0], [0, 1, 1, 1, 2, 2, 2, 2, 2, 2, 0], [0, 1, 0, 2, 0, 0, 0, 2, 0, 2, 0], [0, 4, 0, 2, 0, 1, 0, 2, 0, 2, 0], [0, 4, 0, 2, 0, 1, 1, 2, 0, 2, 0], [0, 2, 0, 2, 0, 1, 1, 2, 0, 2, 0], [0, 2, 0, 2, 0, 1, 0, 2, 0, 2, 0], [0, 2, 0, 2, 0, 0, 0, 2, 0, 2, 0], [0, 2, 2, 2, 2, 2, 2, 2, 2, 2, 0], [0, 0, 0, 2, 0, 2, 0, 2, 0, 0, 0], [0, 2, 2, 2, 0, 2, 0, 2, 2, 2, 0], [0, 2, 0, 2, 2, 2, 2, 2, 0, 2, 0], [0, 2, 0, 0, 0, 2, 0, 0, 0, 2, 0], [0, 3, 2, 2, 2, 2, 2, 2, 2, 2, 0], [0, 0, 0, 0, 0, 0, 0, 0, 0, 0, 0]]"
2026-05-28T19:11:41.952123,0,Stop,173.0,False,False,False,"[[0, 0, 0, 0, 0, 0, 0, 0, 0, 0, 0], [0, 2, 2, 2, 2, 1, 1, 1, 1, 1, 0], [0, 2, 0, 0, 0, 1, 0, 0, 0, 1, 0], [0, 2, 0, 1, 1, 1, 2, 5, 0, 1, 0], [0, 2, 2, 1, 0, 2, 0, 1, 1, 1, 0], [0, 0, 0, 1, 0, 2, 0, 2, 0, 0, 0], [0, 1, 1, 1, 2, 2, 2, 2, 2, 2, 0], [0, 1, 0, 2, 0, 0, 0, 2, 0, 2, 0], [0, 1, 0, 2, 0, 1, 0, 2, 0, 2, 0], [0, 4, 0, 2, 0, 1, 1, 2, 0, 2, 0], [0, 4, 0, 2, 0, 1, 1, 2, 0, 2, 0], [0, 2, 0, 2, 0, 1, 0, 2, 0, 2, 0], [0, 2, 0, 2, 0, 0, 0, 2, 0, 2, 0], [0, 2, 2, 2, 2, 2, 2, 2, 2, 2, 0], [0, 0, 0, 2, 0, 2, 0, 2, 0, 0, 0], [0, 2, 2, 2, 0, 2, 0, 2, 2, 2, 0], [0, 2, 0, 2, 2, 2, 2, 2, 0, 2, 0], [0, 2, 0, 0, 0, 2, 0, 0, 0, 2, 0], [0, 3, 2, 2, 2, 2, 2, 2, 2, 2, 0], [0, 0, 0, 0, 0, 0, 0, 0, 0, 0, 0]]"
2026-05-28T19:11:41.955574,0,Stop,172.0,False,False,False,"[[0, 0, 0, 0, 0, 0, 0, 0, 0, 0, 0], [0, 2, 2, 2, 2, 1, 1, 1, 1, 1, 0], [0, 2, 0, 0, 0, 1, 0, 0, 0, 1, 0], [0, 2, 0, 1, 1, 1, 2, 5, 0, 1, 0], [0, 2, 2, 1, 0, 2, 0, 1, 1, 1, 0], [0, 0, 0, 1, 0, 2, 0, 2, 0, 0, 0], [0, 1, 1, 1, 2, 2, 2, 2, 2, 2, 0], [0, 1, 0, 2, 0, 0, 0, 2, 0, 2, 0], [0, 1, 0, 2, 0, 1, 0, 2, 0, 2, 0], [0, 4, 0, 2, 0, 1, 1, 2, 0, 2, 0], [0, 4, 0, 2, 0, 1, 1, 2, 0, 2, 0], [0, 2, 0, 2, 0, 1, 0, 2, 0, 2, 0], [0, 2, 0, 2, 0, 0, 0, 2, 0, 2, 0], [0, 2, 2, 2, 2, 2, 2, 2, 2, 2, 0], [0, 0, 0, 2, 0, 2, 0, 2, 0, 0, 0], [0, 2, 2, 2, 0, 2, 0, 2, 2, 2, 0], [0, 2, 0, 2, 2, 2, 2, 2, 0, 2, 0], [0, 2, 0, 0, 0, 2, 0, 0, 0, 2, 0], [0, 3, 2, 2, 2, 2, 2, 2, 2, 2, 0], [0, 0, 0, 0, 0, 0, 0, 0, 0, 0, 0]]"
2026-05-28T19:11:41.959477,0,Stop,171.0,False,False,False,"[[0, 0, 0, 0, 0, 0, 0, 0, 0, 0, 0], [0, 2, 2, 2, 2, 1, 1, 1, 1, 1, 0], [0, 2, 0, 0, 0, 1, 0, 0, 0, 1, 0], [0, 2, 0, 1, 1, 1, 2, 5, 0, 1, 0], [0, 2, 2, 1, 0, 2, 0, 1, 1, 1, 0], [0, 0, 0, 1, 0, 2, 0, 2, 0, 0, 0], [0, 1, 1, 1, 2, 2, 2, 2, 2, 2, 0], [0, 1, 0, 2, 0, 0, 0, 2, 0, 2, 0], [0, 1, 0, 2, 0, 1, 0, 2, 0, 2, 0], [0, 1, 0, 2, 0, 1, 1, 2, 0, 2, 0], [0, 4, 0, 2, 0, 1, 1, 2, 0, 2, 0], [0, 4, 0, 2, 0, 1, 0, 2, 0, 2, 0], [0, 2, 0, 2, 0, 0, 0, 2, 0, 2, 0], [0, 2, 2, 2, 2, 2, 2, 2, 2, 2, 0], [0, 0, 0, 2, 0, 2, 0, 2, 0, 0, 0], [0, 2, 2, 2, 0, 2, 0, 2, 2, 2, 0], [0, 2, 0, 2, 2, 2, 2, 2, 0, 2, 0], [0, 2, 0, 0, 0, 2, 0, 0, 0, 2, 0], [0, 3, 2, 2, 2, 2, 2, 2, 2, 2, 0], [0, 0, 0, 0, 0, 0, 0, 0, 0, 0, 0]]"
2026-05-28T19:11:41.963126,0,Stop,170.0,False,False,False,"[[0, 0, 0, 0, 0, 0, 0, 0, 0, 0, 0], [0, 2, 2, 2, 2, 1, 1, 1, 1, 1, 0], [0, 2, 0, 0, 0, 1, 0, 0, 0, 1, 0], [0, 2, 0, 1, 1, 1, 2, 5, 0, 1, 0], [0, 2, 2, 1, 0, 2, 0, 1, 1, 1, 0], [0, 0, 0, 1, 0, 2, 0, 2, 0, 0, 0], [0, 1, 1, 1, 2, 2, 2, 2, 2, 2, 0], [0, 1, 0, 2, 0, 0, 0, 2, 0, 2, 0], [0, 1, 0, 2, 0, 1, 0, 2, 0, 2, 0], [0, 1, 0, 2, 0, 1, 1, 2, 0, 2, 0], [0, 4, 0, 2, 0, 1, 1, 2, 0, 2, 0], [0, 4, 0, 2, 0, 1, 0, 2, 0, 2, 0], [0, 2, 0, 2, 0, 0, 0, 2, 0, 2, 0], [0, 2, 2, 2, 2, 2, 2, 2, 2, 2, 0], [0, 0, 0, 2, 0, 2, 0, 2, 0, 0, 0], [0, 2, 2, 2, 0, 2, 0, 2, 2, 2, 0], [0, 2, 0, 2, 2, 2, 2, 2, 0, 2, 0], [0, 2, 0, 0, 0, 2, 0, 0, 0, 2, 0], [0, 3, 2, 2, 2, 2, 2, 2, 2, 2, 0], [0, 0, 0, 0, 0, 0, 0, 0, 0, 0, 0]]"
2026-05-28T19:11:41.966387,0,Stop,169.0,False,False,False,"[[0, 0, 0, 0, 0, 0, 0, 0, 0, 0, 0], [0, 2, 2, 2, 2, 1, 1, 1, 1, 1, 0], [0, 2, 0, 0, 0, 1, 0, 0, 0, 1, 0], [0, 2, 0, 1, 1, 1, 2, 5, 0, 1, 0], [0, 2, 2, 1, 0, 2, 0, 1, 1, 1, 0], [0, 0, 0, 1, 0, 2, 0, 2, 0, 0, 0], [0, 1, 1, 1, 2, 2, 2, 2, 2, 2, 0], [0, 1, 0, 2, 0, 0, 0, 2, 0, 2, 0], [0, 1, 0, 2, 0, 1, 0, 2, 0, 2, 0], [0, 1, 0, 2, 0, 1, 1, 2, 0, 2, 0], [0, 2, 0, 2, 0, 1, 1, 2, 0, 2, 0], [0, 4, 0, 2, 0, 1, 0, 2, 0, 2, 0], [0, 4, 0, 2, 0, 0, 0, 2, 0, 2, 0], [0, 2, 2, 2, 2, 2, 2, 2, 2, 2, 0], [0, 0, 0, 2, 0, 2, 0, 2, 0, 0, 0], [0, 2, 2, 2, 0, 2, 0, 2, 2, 2, 0], [0, 2, 0, 2, 2, 2, 2, 2, 0, 2, 0], [0, 2, 0, 0, 0, 2, 0, 0, 0, 2, 0], [0, 3, 2, 2, 2, 2, 2, 2, 2, 2, 0], [0, 0, 0, 0, 0, 0, 0, 0, 0, 0, 0]]"
2026-05-28T19:11:41.969218,0,Stop,168.0,False,False,False,"[[0, 0, 0, 0, 0, 0, 0, 0, 0, 0, 0], [0, 2, 2, 2, 2, 1, 1, 1, 1, 1, 0], [0, 2, 0, 0, 0, 1, 0, 0, 0, 1, 0], [0, 2, 0, 1, 1, 1, 2, 5, 0, 1, 0], [0, 2, 2, 1, 0, 2, 0, 1, 1, 1, 0], [0, 0, 0, 1, 0, 2, 0, 2, 0, 0, 0], [0, 1, 1, 1, 2, 2, 2, 2, 2, 2, 0], [0, 1, 0, 2, 0, 0, 0, 2, 0, 2, 0], [0, 1, 0, 2, 0, 1, 0, 2, 0, 2, 0], [0, 1, 0, 2, 0, 1, 1, 2, 0, 2, 0], [0, 2, 0, 2, 0, 1, 1, 2, 0, 2, 0], [0, 4, 0, 2, 0, 1, 0, 2, 0, 2, 0], [0, 4, 0, 2, 0, 0, 0, 2, 0, 2, 0], [0, 2, 2, 2, 2, 2, 2, 2, 2, 2, 0], [0, 0, 0, 2, 0, 2, 0, 2, 0, 0, 0], [0, 2, 2, 2, 0, 2, 0, 2, 2, 2, 0], [0, 2, 0, 2, 2, 2, 2, 2, 0, 2, 0], [0, 2, 0, 0, 0, 2, 0, 0, 0, 2, 0], [0, 3, 2, 2, 2, 2, 2, 2, 2, 2, 0], [0, 0, 0, 0, 0, 0, 0, 0, 0, 0, 0]]"
2026-05-28T19:11:41.972150,0,Stop,167.0,False,False,False,"[[0, 0, 0, 0, 0, 0, 0, 0, 0, 0, 0], [0, 2, 2, 2, 2, 1, 1, 1, 1, 1, 0], [0, 2, 0, 0, 0, 1, 0, 0, 0, 1, 0], [0, 2, 0, 1, 1, 1, 2, 5, 0, 1, 0], [0, 2, 2, 1, 0, 2, 0, 1, 1, 1, 0], [0, 0, 0, 1, 0, 2, 0, 2, 0, 0, 0], [0, 1, 1, 1, 2, 2, 2, 2, 2, 2, 0], [0, 1, 0, 2, 0, 0, 0, 2, 0, 2, 0], [0, 1, 0, 2, 0, 1, 0, 2, 0, 2, 0], [0, 1, 0, 2, 0, 1, 1, 2, 0, 2, 0], [0, 2, 0, 2, 0, 1, 1, 2, 0, 2, 0], [0, 2, 0, 2, 0, 1, 0, 2, 0, 2, 0], [0, 4, 0, 2, 0, 0, 0, 2, 0, 2, 0], [0, 4, 2, 2, 2, 2, 2, 2, 2, 2, 0], [0, 0, 0, 2, 0, 2, 0, 2, 0, 0, 0], [0, 2, 2, 2, 0, 2, 0, 2, 2, 2, 0], [0, 2, 0, 2, 2, 2, 2, 2, 0, 2, 0], [0, 2, 0, 0, 0, 2, 0, 0, 0, 2, 0], [0, 3, 2, 2, 2, 2, 2, 2, 2, 2, 0], [0, 0, 0, 0, 0, 0, 0, 0, 0, 0, 0]]"
2026-05-28T19:11:41.974936,0,Stop,166.0,False,False,False,"[[0, 0, 0, 0, 0, 0, 0, 0, 0, 0, 0], [0, 2, 2, 2, 2, 1, 1, 1, 1, 1, 0], [0, 2, 0, 0, 0, 1, 0, 0, 0, 1, 0], [0, 2, 0, 1, 1, 1, 2, 5, 0, 1, 0], [0, 2, 2, 1, 0, 2, 0, 1, 1, 1, 0], [0, 0, 0, 1, 0, 2, 0, 2, 0, 0, 0], [0, 1, 1, 1, 2, 2, 2, 2, 2, 2, 0], [0, 1, 0, 2, 0, 0, 0, 2, 0, 2, 0], [0, 1, 0, 2, 0, 1, 0, 2, 0, 2, 0], [0, 1, 0, 2, 0, 1, 1, 2, 0, 2, 0], [0, 2, 0, 2, 0, 1, 1, 2, 0, 2, 0], [0, 2, 0, 2, 0, 1, 0, 2, 0, 2, 0], [0, 4, 0, 2, 0, 0, 0, 2, 0, 2, 0], [0, 4, 2, 2, 2, 2, 2, 2, 2, 2, 0], [0, 0, 0, 2, 0, 2, 0, 2, 0, 0, 0], [0, 2, 2, 2, 0, 2, 0, 2, 2, 2, 0], [0, 2, 0, 2, 2, 2, 2, 2, 0, 2, 0], [0, 2, 0, 0, 0, 2, 0, 0, 0, 2, 0], [0, 3, 2, 2, 2, 2, 2, 2, 2, 2, 0], [0, 0, 0, 0, 0, 0, 0, 0, 0, 0, 0]]"
2026-05-28T19:11:41.977699,0,Stop,165.0,False,False,False,"[[0, 0, 0, 0, 0, 0, 0, 0, 0, 0, 0], [0, 2, 2, 2, 2, 1, 1, 1, 1, 1, 0], [0, 2, 0, 0, 0, 1, 0, 0, 0, 1, 0], [0, 2, 0, 1, 1, 1, 2, 5, 0, 1, 0], [0, 2, 2, 1, 0, 2, 0, 1, 1, 1, 0], [0, 0, 0, 1, 0, 2, 0, 2, 0, 0, 0], [0, 1, 1, 1, 2, 2, 2, 2, 2, 2, 0], [0, 1, 0, 2, 0, 0, 0, 2, 0, 2, 0], [0, 1, 0, 2, 0, 1, 0, 2, 0, 2, 0], [0, 1, 0, 2, 0, 1, 1, 2, 0, 2, 0], [0, 2, 0, 2, 0, 1, 1, 2, 0, 2, 0], [0, 2, 0, 2, 0, 1, 0, 2, 0, 2, 0], [0, 2, 0, 2, 0, 0, 0, 2, 0, 2, 0], [0, 4, 4, 2, 2, 2, 2, 2, 2, 2, 0], [0, 0, 0, 2, 0, 2, 0, 2, 0, 0, 0], [0, 2, 2, 2, 0, 2, 0, 2, 2, 2, 0], [0, 2, 0, 2, 2, 2, 2, 2, 0, 2, 0], [0, 2, 0, 0, 0, 2, 0, 0, 0, 2, 0], [0, 3, 2, 2, 2, 2, 2, 2, 2, 2, 0], [0, 0, 0, 0, 0, 0, 0, 0, 0, 0, 0]]"
2026-05-28T19:11:41.980722,0,Stop,164.0,False,False,False,"[[0, 0, 0, 0, 0, 0, 0, 0, 0, 0, 0], [0, 2, 2, 2, 2, 1, 1, 1, 1, 1, 0], [0, 2, 0, 0, 0, 1, 0, 0, 0, 1, 0], [0, 2, 0, 1, 1, 1, 2, 5, 0, 1, 0], [0, 2, 2, 1, 0, 2, 0, 1, 1, 1, 0], [0, 0, 0, 1, 0, 2, 0, 2, 0, 0, 0], [0, 1, 1, 1, 2, 2, 2, 2, 2, 2, 0], [0, 1, 0, 2, 0, 0, 0, 2, 0, 2, 0], [0, 1, 0, 2, 0, 1, 0, 2, 0, 2, 0], [0, 1, 0, 2, 0, 1, 1, 2, 0, 2, 0], [0, 2, 0, 2, 0, 1, 1, 2, 0, 2, 0], [0, 2, 0, 2, 0, 1, 0, 2, 0, 2, 0], [0, 2, 0, 2, 0, 0, 0, 2, 0, 2, 0], [0, 4, 4, 2, 2, 2, 2, 2, 2, 2, 0], [0, 0, 0, 2, 0, 2, 0, 2, 0, 0, 0], [0, 2, 2, 2, 0, 2, 0, 2, 2, 2, 0], [0, 2, 0, 2, 2, 2, 2, 2, 0, 2, 0], [0, 2, 0, 0, 0, 2, 0, 0, 0, 2, 0], [0, 3, 2, 2, 2, 2, 2, 2, 2, 2, 0], [0, 0, 0, 0, 0, 0, 0, 0, 0, 0, 0]]"
2026-05-28T19:11:41.983599,0,Stop,163.0,False,False,False,"[[0, 0, 0, 0, 0, 0, 0, 0, 0, 0, 0], [0, 2, 2, 2, 2, 1, 1, 1, 1, 1, 0], [0, 2, 0, 0, 0, 1, 0, 0, 0, 1, 0], [0, 2, 0, 1, 1, 1, 2, 5, 0, 1, 0], [0, 2, 2, 1, 0, 2, 0, 1, 1, 1, 0], [0, 0, 0, 1, 0, 2, 0, 2, 0, 0, 0], [0, 1, 1, 1, 2, 2, 2, 2, 2, 2, 0], [0, 1, 0, 2, 0, 0, 0, 2, 0, 2, 0], [0, 1, 0, 2, 0, 1, 0, 2, 0, 2, 0], [0, 1, 0, 2, 0, 1, 1, 2, 0, 2, 0], [0, 2, 0, 2, 0, 1, 1, 2, 0, 2, 0], [0, 2, 0, 2, 0, 1, 0, 2, 0, 2, 0], [0, 2, 0, 2, 0, 0, 0, 2, 0, 2, 0], [0, 2, 4, 4, 2, 2, 2, 2, 2, 2, 0], [0, 0, 0, 2, 0, 2, 0, 2, 0, 0, 0], [0, 2, 2, 2, 0, 2, 0, 2, 2, 2, 0], [0, 2, 0, 2, 2, 2, 2, 2, 0, 2, 0], [0, 2, 0, 0, 0, 2, 0, 0, 0, 2, 0], [0, 3, 2, 2, 2, 2, 2, 2, 2, 2, 0], [0, 0, 0, 0, 0, 0, 0, 0, 0, 0, 0]]"
2026-05-28T19:11:41.987018,0,Stop,162.0,False,False,False,"[[0, 0, 0, 0, 0, 0, 0, 0, 0, 0, 0], [0, 2, 2, 2, 2, 1, 1, 1, 1, 1, 0], [0, 2, 0, 0, 0, 1, 0, 0, 0, 1, 0], [0, 2, 0, 1, 1, 1, 2, 5, 0, 1, 0], [0, 2, 2, 1, 0, 2, 0, 1, 1, 1, 0], [0, 0, 0, 1, 0, 2, 0, 2, 0, 0, 0], [0, 1, 1, 1, 2, 2, 2, 2, 2, 2, 0], [0, 1, 0, 2, 0, 0, 0, 2, 0, 2, 0], [0, 1, 0, 2, 0, 1, 0, 2, 0, 2, 0], [0, 1, 0, 2, 0, 1, 1, 2, 0, 2, 0], [0, 2, 0, 2, 0, 1, 1, 2, 0, 2, 0], [0, 2, 0, 2, 0, 1, 0, 2, 0, 2, 0], [0, 2, 0, 2, 0, 0, 0, 2, 0, 2, 0], [0, 2, 4, 4, 2, 2, 2, 2, 2, 2, 0], [0, 0, 0, 2, 0, 2, 0, 2, 0, 0, 0], [0, 2, 2, 2, 0, 2, 0, 2, 2, 2, 0], [0, 2, 0, 2, 2, 2, 2, 2, 0, 2, 0], [0, 2, 0, 0, 0, 2, 0, 0, 0, 2, 0], [0, 3, 2, 2, 2, 2, 2, 2, 2, 2, 0], [0, 0, 0, 0, 0, 0, 0, 0, 0, 0, 0]]"
2026-05-28T19:11:41.990008,0,East,161.0,False,False,False,"[[0, 0, 0, 0, 0, 0, 0, 0, 0, 0, 0], [0, 2, 2, 2, 2, 1, 1, 1, 1, 1, 0], [0, 2, 0, 0, 0, 1, 0, 0, 0, 1, 0], [0, 2, 0, 1, 1, 1, 2, 5, 0, 1, 0], [0, 2, 2, 1, 0, 2, 0, 1, 1, 1, 0], [0, 0, 0, 1, 0, 2, 0, 2, 0, 0, 0], [0, 1, 1, 1, 2, 2, 2, 2, 2, 2, 0], [0, 1, 0, 2, 0, 0, 0, 2, 0, 2, 0], [0, 1, 0, 2, 0, 1, 0, 2, 0, 2, 0], [0, 1, 0, 2, 0, 1, 1, 2, 0, 2, 0], [0, 2, 0, 2, 0, 1, 1, 2, 0, 2, 0], [0, 2, 0, 2, 0, 1, 0, 2, 0, 2, 0], [0, 2, 0, 2, 0, 0, 0, 2, 0, 2, 0], [0, 2, 2, 4, 2, 2, 2, 2, 2, 2, 0], [0, 0, 0, 4, 0, 2, 0, 2, 0, 0, 0], [0, 2, 2, 2, 0, 2, 0, 2, 2, 2, 0], [0, 2, 0, 2, 2, 2, 2, 2, 0, 2, 0], [0, 2, 0, 0, 0, 2, 0, 0, 0, 2, 0], [0, 3, 2, 2, 2, 2, 2, 2, 2, 2, 0], [0, 0, 0, 0, 0, 0, 0, 0, 0, 0, 0]]"
2026-05-28T19:11:41.993509,0,East,160.0,False,False,False,"[[0, 0, 0, 0, 0, 0, 0, 0, 0, 0, 0], [0, 2, 2, 2, 2, 1, 1, 1, 1, 1, 0], [0, 2, 0, 0, 0, 1, 0, 0, 0, 1, 0], [0, 2, 0, 1, 1, 1, 2, 1, 0, 1, 0], [0, 2, 2, 1, 0, 2, 0, 5, 1, 1, 0], [0, 0, 0, 1, 0, 2, 0, 2, 0, 0, 0], [0, 1, 1, 1, 2, 2, 2, 2, 2, 2, 0], [0, 1, 0, 2, 0, 0, 0, 2, 0, 2, 0], [0, 1, 0, 2, 0, 1, 0, 2, 0, 2, 0], [0, 1, 0, 2, 0, 1, 1, 2, 0, 2, 0], [0, 2, 0, 2, 0, 1, 1, 2, 0, 2, 0], [0, 2, 0, 2, 0, 1, 0, 2, 0, 2, 0], [0, 2, 0, 2, 0, 0, 0, 2, 0, 2, 0], [0, 2, 2, 4, 2, 2, 2, 2, 2, 2, 0], [0, 0, 0, 4, 0, 2, 0, 2, 0, 0, 0], [0, 2, 2, 2, 0, 2, 0, 2, 2, 2, 0], [0, 2, 0, 2, 2, 2, 2, 2, 0, 2, 0], [0, 2, 0, 0, 0, 2, 0, 0, 0, 2, 0], [0, 3, 2, 2, 2, 2, 2, 2, 2, 2, 0], [0, 0, 0, 0, 0, 0, 0, 0, 0, 0, 0]]"
2026-05-28T19:11:41.996654,0,East,169.0,False,False,False,"[[0, 0, 0, 0, 0, 0, 0, 0, 0, 0, 0], [0, 2, 2, 2, 2, 1, 1, 1, 1, 1, 0], [0, 2, 0, 0, 0, 1, 0, 0, 0, 1, 0], [0, 2, 0, 1, 1, 1, 2, 1, 0, 1, 0], [0, 2, 2, 1, 0, 2, 0, 1, 1, 1, 0], [0, 0, 0, 1, 0, 2, 0, 5, 0, 0, 0], [0, 1, 1, 1, 2, 2, 2, 2, 2, 2, 0], [0, 1, 0, 2, 0, 0, 0, 2, 0, 2, 0], [0, 1, 0, 2, 0, 1, 0, 2, 0, 2, 0], [0, 1, 0, 2, 0, 1, 1, 2, 0, 2, 0], [0, 2, 0, 2, 0, 1, 1, 2, 0, 2, 0], [0, 2, 0, 2, 0, 1, 0, 2, 0, 2, 0], [0, 2, 0, 2, 0, 0, 0, 2, 0, 2, 0], [0, 2, 2, 2, 2, 2, 2, 2, 2, 2, 0], [0, 0, 0, 4, 0, 2, 0, 2, 0, 0, 0], [0, 2, 2, 4, 0, 2, 0, 2, 2, 2, 0], [0, 2, 0, 2, 2, 2, 2, 2, 0, 2, 0], [0, 2, 0, 0, 0, 2, 0, 0, 0, 2, 0], [0, 3, 2, 2, 2, 2, 2, 2, 2, 2, 0], [0, 0, 0, 0, 0, 0, 0, 0, 0, 0, 0]]"
2026-05-28T19:11:42.000574,0,East,178.0,False,False,False,"[[0, 0, 0, 0, 0, 0, 0, 0, 0, 0, 0], [0, 2, 2, 2, 2, 1, 1, 1, 1, 1, 0], [0, 2, 0, 0, 0, 1, 0, 0, 0, 1, 0], [0, 2, 0, 1, 1, 1, 2, 1, 0, 1, 0], [0, 2, 2, 1, 0, 2, 0, 1, 1, 1, 0], [0, 0, 0, 1, 0, 2, 0, 1, 0, 0, 0], [0, 1, 1, 1, 2, 2, 2, 5, 2, 2, 0], [0, 1, 0, 2, 0, 0, 0, 2, 0, 2, 0], [0, 1, 0, 2, 0, 1, 0, 2, 0, 2, 0], [0, 1, 0, 2, 0, 1, 1, 2, 0, 2, 0], [0, 2, 0, 2, 0, 1, 1, 2, 0, 2, 0], [0, 2, 0, 2, 0, 1, 0, 2, 0, 2, 0], [0, 2, 0, 2, 0, 0, 0, 2, 0, 2, 0], [0, 2, 2, 2, 2, 2, 2, 2, 2, 2, 0], [0, 0, 0, 4, 0, 2, 0, 2, 0, 0, 0], [0, 2, 2, 4, 0, 2, 0, 2, 2, 2, 0], [0, 2, 0, 2, 2, 2, 2, 2, 0, 2, 0], [0, 2, 0, 0, 0, 2, 0, 0, 0, 2, 0], [0, 3, 2, 2, 2, 2, 2, 2, 2, 2, 0], [0, 0, 0, 0, 0, 0, 0, 0, 0, 0, 0]]"
2026-05-28T19:11:42.003684,0,East,187.0,False,False,False,"[[0, 0, 0, 0, 0, 0, 0, 0, 0, 0, 0], [0, 2, 2, 2, 2, 1, 1, 1, 1, 1, 0], [0, 2, 0, 0, 0, 1, 0, 0, 0, 1, 0], [0, 2, 0, 1, 1, 1, 2, 1, 0, 1, 0], [0, 2, 2, 1, 0, 2, 0, 1, 1, 1, 0], [0, 0, 0, 1, 0, 2, 0, 1, 0, 0, 0], [0, 1, 1, 1, 2, 2, 2, 1, 2, 2, 0], [0, 1, 0, 2, 0, 0, 0, 5, 0, 2, 0], [0, 1, 0, 2, 0, 1, 0, 2, 0, 2, 0], [0, 1, 0, 2, 0, 1, 1, 2, 0, 2, 0], [0, 2, 0, 2, 0, 1, 1, 2, 0, 2, 0], [0, 2, 0, 2, 0, 1, 0, 2, 0, 2, 0], [0, 2, 0, 2, 0, 0, 0, 2, 0, 2, 0], [0, 2, 2, 2, 2, 2, 2, 2, 2, 2, 0], [0, 0, 0, 2, 0, 2, 0, 2, 0, 0, 0], [0, 2, 2, 4, 0, 2, 0, 2, 2, 2, 0], [0, 2, 0, 4, 2, 2, 2, 2, 0, 2, 0], [0, 2, 0, 0, 0, 2, 0, 0, 0, 2, 0], [0, 3, 2, 2, 2, 2, 2, 2, 2, 2, 0], [0, 0, 0, 0, 0, 0, 0, 0, 0, 0, 0]]"
2026-05-28T19:11:42.006434,0,Stop,196.0,False,False,False,"[[0, 0, 0, 0, 0, 0, 0, 0, 0, 0, 0], [0, 2, 2, 2, 2, 1, 1, 1, 1, 1, 0], [0, 2, 0, 0, 0, 1, 0, 0, 0, 1, 0], [0, 2, 0, 1, 1, 1, 2, 1, 0, 1, 0], [0, 2, 2, 1, 0, 2, 0, 1, 1, 1, 0], [0, 0, 0, 1, 0, 2, 0, 1, 0, 0, 0], [0, 1, 1, 1, 2, 2, 2, 1, 2, 2, 0], [0, 1, 0, 2, 0, 0, 0, 1, 0, 2, 0], [0, 1, 0, 2, 0, 1, 0, 5, 0, 2, 0], [0, 1, 0, 2, 0, 1, 1, 2, 0, 2, 0], [0, 2, 0, 2, 0, 1, 1, 2, 0, 2, 0], [0, 2, 0, 2, 0, 1, 0, 2, 0, 2, 0], [0, 2, 0, 2, 0, 0, 0, 2, 0, 2, 0], [0, 2, 2, 2, 2, 2, 2, 2, 2, 2, 0], [0, 0, 0, 2, 0, 2, 0, 2, 0, 0, 0], [0, 2, 4, 2, 0, 2, 0, 2, 2, 2, 0], [0, 2, 0, 4, 2, 2, 2, 2, 0, 2, 0], [0, 2, 0, 0, 0, 2, 0, 0, 0, 2, 0], [0, 3, 2, 2, 2, 2, 2, 2, 2, 2, 0], [0, 0, 0, 0, 0, 0, 0, 0, 0, 0, 0]]"
2026-05-28T19:11:42.009830,0,East,195.0,False,False,False,"[[0, 0, 0, 0, 0, 0, 0, 0, 0, 0, 0], [0, 2, 2, 2, 2, 1, 1, 1, 1, 1, 0], [0, 2, 0, 0, 0, 1, 0, 0, 0, 1, 0], [0, 2, 0, 1, 1, 1, 2, 1, 0, 1, 0], [0, 2, 2, 1, 0, 2, 0, 1, 1, 1, 0], [0, 0, 0, 1, 0, 2, 0, 1, 0, 0, 0], [0, 1, 1, 1, 2, 2, 2, 1, 2, 2, 0], [0, 1, 0, 2, 0, 0, 0, 1, 0, 2, 0], [0, 1, 0, 2, 0, 1, 0, 5, 0, 2, 0], [0, 1, 0, 2, 0, 1, 1, 2, 0, 2, 0], [0, 2, 0, 2, 0, 1, 1, 2, 0, 2, 0], [0, 2, 0, 2, 0, 1, 0, 2, 0, 2, 0], [0, 2, 0, 2, 0, 0, 0, 2, 0, 2, 0], [0, 2, 2, 2, 2, 2, 2, 2, 2, 2, 0], [0, 0, 0, 2, 0, 2, 0, 2, 0, 0, 0], [0, 2, 4, 2, 0, 2, 0, 2, 2, 2, 0], [0, 2, 0, 2, 4, 2, 2, 2, 0, 2, 0], [0, 2, 0, 0, 0, 2, 0, 0, 0, 2, 0], [0, 3, 2, 2, 2, 2, 2, 2, 2, 2, 0], [0, 0, 0, 0, 0, 0, 0, 0, 0, 0, 0]]"
2026-05-28T19:11:42.013222,0,East,204.0,False,False,False,"[[0, 0, 0, 0, 0, 0, 0, 0, 0, 0, 0], [0, 2, 2, 2, 2, 1, 1, 1, 1, 1, 0], [0, 2, 0, 0, 0, 1, 0, 0, 0, 1, 0], [0, 2, 0, 1, 1, 1, 2, 1, 0, 1, 0], [0, 2, 2, 1, 0, 2, 0, 1, 1, 1, 0], [0, 0, 0, 1, 0, 2, 0, 1, 0, 0, 0], [0, 1, 1, 1, 2, 2, 2, 1, 2, 2, 0], [0, 1, 0, 2, 0, 0, 0, 1, 0, 2, 0], [0, 1, 0, 2, 0, 1, 0, 1, 0, 2, 0], [0, 1, 0, 2, 0, 1, 1, 5, 0, 2, 0], [0, 2, 0, 2, 0, 1, 1, 2, 0, 2, 0], [0, 2, 0, 2, 0, 1, 0, 2, 0, 2, 0], [0, 2, 0, 2, 0, 0, 0, 2, 0, 2, 0], [0, 2, 2, 2, 2, 2, 2, 2, 2, 2, 0], [0, 0, 0, 2, 0, 2, 0, 2, 0, 0, 0], [0, 4, 2, 2, 0, 2, 0, 2, 2, 2, 0], [0, 2, 0, 2, 4, 2, 2, 2, 0, 2, 0], [0, 2, 0, 0, 0, 2, 0, 0, 0, 2, 0], [0, 3, 2, 2, 2, 2, 2, 2, 2, 2, 0], [0, 0, 0, 0, 0, 0, 0, 0, 0, 0, 0]]"
2026-05-28T19:11:42.016835,0,East,213.0,False,False,False,"[[0, 0, 0, 0, 0, 0, 0, 0, 0, 0, 0], [0, 2, 2, 2, 2, 1, 1, 1, 1, 1, 0], [0, 2, 0, 0, 0, 1, 0, 0, 0, 1, 0], [0, 2, 0, 1, 1, 1, 2, 1, 0, 1, 0], [0, 2, 2, 1, 0, 2, 0, 1, 1, 1, 0], [0, 0, 0, 1, 0, 2, 0, 1, 0, 0, 0], [0, 1, 1, 1, 2, 2, 2, 1, 2, 2, 0], [0, 1, 0, 2, 0, 0, 0, 1, 0, 2, 0], [0, 1, 0, 2, 0, 1, 0, 1, 0, 2, 0], [0, 1, 0, 2, 0, 1, 1, 1, 0, 2, 0], [0, 2, 0, 2, 0, 1, 1, 5, 0, 2, 0], [0, 2, 0, 2, 0, 1, 0, 2, 0, 2, 0], [0, 2, 0, 2, 0, 0, 0, 2, 0, 2, 0], [0, 2, 2, 2, 2, 2, 2, 2, 2, 2, 0], [0, 0, 0, 2, 0, 2, 0, 2, 0, 0, 0], [0, 4, 2, 2, 0, 2, 0, 2, 2, 2, 0], [0, 2, 0, 2, 2, 4, 2, 2, 0, 2, 0], [0, 2, 0, 0, 0, 2, 0, 0, 0, 2, 0], [0, 3, 2, 2, 2, 2, 2, 2, 2, 2, 0], [0, 0, 0, 0, 0, 0, 0, 0, 0, 0, 0]]"
2026-05-28T19:11:42.019978,0,East,222.0,False,False,False,"[[0, 0, 0, 0, 0, 0, 0, 0, 0, 0, 0], [0, 2, 2, 2, 2, 1, 1, 1, 1, 1, 0], [0, 2, 0, 0, 0, 1, 0, 0, 0, 1, 0], [0, 2, 0, 1, 1, 1, 2, 1, 0, 1, 0], [0, 2, 2, 1, 0, 2, 0, 1, 1, 1, 0], [0, 0, 0, 1, 0, 2, 0, 1, 0, 0, 0], [0, 1, 1, 1, 2, 2, 2, 1, 2, 2, 0], [0, 1, 0, 2, 0, 0, 0, 1, 0, 2, 0], [0, 1, 0, 2, 0, 1, 0, 1, 0, 2, 0], [0, 1, 0, 2, 0, 1, 1, 1, 0, 2, 0], [0, 2, 0, 2, 0, 1, 1, 1, 0, 2, 0], [0, 2, 0, 2, 0, 1, 0, 5, 0, 2, 0], [0, 2, 0, 2, 0, 0, 0, 2, 0, 2, 0], [0, 2, 2, 2, 2, 2, 2, 2, 2, 2, 0], [0, 0, 0, 2, 0, 2, 0, 2, 0, 0, 0], [0, 2, 2, 2, 0, 4, 0, 2, 2, 2, 0], [0, 4, 0, 2, 2, 2, 2, 2, 0, 2, 0], [0, 2, 0, 0, 0, 2, 0, 0, 0, 2, 0], [0, 3, 2, 2, 2, 2, 2, 2, 2, 2, 0], [0, 0, 0, 0, 0, 0, 0, 0, 0, 0, 0]]"
2026-05-28T19:11:42.024159,0,East,231.0,False,False,False,"[[0, 0, 0, 0, 0, 0, 0, 0, 0, 0, 0], [0, 2, 2, 2, 2, 1, 1, 1, 1, 1, 0], [0, 2, 0, 0, 0, 1, 0, 0, 0, 1, 0], [0, 2, 0, 1, 1, 1, 2, 1, 0, 1, 0], [0, 2, 2, 1, 0, 2, 0, 1, 1, 1, 0], [0, 0, 0, 1, 0, 2, 0, 1, 0, 0, 0], [0, 1, 1, 1, 2, 2, 2, 1, 2, 2, 0], [0, 1, 0, 2, 0, 0, 0, 1, 0, 2, 0], [0, 1, 0, 2, 0, 1, 0, 1, 0, 2, 0], [0, 1, 0, 2, 0, 1, 1, 1, 0, 2, 0], [0, 2, 0, 2, 0, 1, 1, 1, 0, 2, 0], [0, 2, 0, 2, 0, 1, 0, 1, 0, 2, 0], [0, 2, 0, 2, 0, 0, 0, 5, 0, 2, 0], [0, 2, 2, 2, 2, 2, 2, 2, 2, 2, 0], [0, 0, 0, 2, 0, 4, 0, 2, 0, 0, 0], [0, 2, 2, 2, 0, 2, 0, 2, 2, 2, 0], [0, 2, 0, 2, 2, 2, 2, 2, 0, 2, 0], [0, 4, 0, 0, 0, 2, 0, 0, 0, 2, 0], [0, 3, 2, 2, 2, 2, 2, 2, 2, 2, 0], [0, 0, 0, 0, 0, 0, 0, 0, 0, 0, 0]]"
2026-05-28T19:11:42.029370,0,North,240.0,False,False,False,"[[0, 0, 0, 0, 0, 0, 0, 0, 0, 0, 0], [0, 2, 2, 2, 2, 1, 1, 1, 1, 1, 0], [0, 2, 0, 0, 0, 1, 0, 0, 0, 1, 0], [0, 2, 0, 1, 1, 1, 2, 1, 0, 1, 0], [0, 2, 2, 1, 0, 2, 0, 1, 1, 1, 0], [0, 0, 0, 1, 0, 2, 0, 1, 0, 0, 0], [0, 1, 1, 1, 2, 2, 2, 1, 2, 2, 0], [0, 1, 0, 2, 0, 0, 0, 1, 0, 2, 0], [0, 1, 0, 2, 0, 1, 0, 1, 0, 2, 0], [0, 1, 0, 2, 0, 1, 1, 1, 0, 2, 0], [0, 2, 0, 2, 0, 1, 1, 1, 0, 2, 0], [0, 2, 0, 2, 0, 1, 0, 1, 0, 2, 0], [0, 2, 0, 2, 0, 0, 0, 1, 0, 2, 0], [0, 2, 2, 2, 2, 4, 2, 5, 2, 2, 0], [0, 0, 0, 2, 0, 2, 0, 2, 0, 0, 0], [0, 2, 2, 2, 0, 2, 0, 2, 2, 2, 0], [0, 2, 0, 2, 2, 2, 2, 2, 0, 2, 0], [0, 2, 0, 0, 0, 2, 0, 0, 0, 2, 0], [0, 4, 2, 2, 2, 2, 2, 2, 2, 2, 0], [0, 0, 0, 0, 0, 0, 0, 0, 0, 0, 0]]"
2026-05-28T19:11:42.032727,0,South,249.0,False,False,False,"[[0, 0, 0, 0, 0, 0, 0, 0, 0, 0, 0], [0, 2, 2, 2, 2, 1, 1, 1, 1, 1, 0], [0, 2, 0, 0, 0, 1, 0, 0, 0, 1, 0], [0, 2, 0, 1, 1, 1, 2, 1, 0, 1, 0], [0, 2, 2, 1, 0, 2, 0, 1, 1, 1, 0], [0, 0, 0, 1, 0, 2, 0, 1, 0, 0, 0], [0, 1, 1, 1, 2, 2, 2, 1, 2, 2, 0], [0, 1, 0, 2, 0, 0, 0, 1, 0, 2, 0], [0, 1, 0, 2, 0, 1, 0, 1, 0, 2, 0], [0, 1, 0, 2, 0, 1, 1, 1, 0, 2, 0], [0, 2, 0, 2, 0, 1, 1, 1, 0, 2, 0], [0, 2, 0, 2, 0, 1, 0, 1, 0, 2, 0], [0, 2, 0, 2, 0, 0, 0, 1, 0, 2, 0], [0, 2, 2, 2, 4, 2, 2, 1, 5, 2, 0], [0, 0, 0, 2, 0, 2, 0, 2, 0, 0, 0], [0, 2, 2, 2, 0, 2, 0, 2, 2, 2, 0], [0, 2, 0, 2, 2, 2, 2, 2, 0, 2, 0], [0, 2, 0, 0, 0, 2, 0, 0, 0, 2, 0], [0, 3, 4, 2, 2, 2, 2, 2, 2, 2, 0], [0, 0, 0, 0, 0, 0, 0, 0, 0, 0, 0]]"
2026-05-28T19:11:42.037251,0,West,248.0,False,False,False,"[[0, 0, 0, 0, 0, 0, 0, 0, 0, 0, 0], [0, 2, 2, 2, 2, 1, 1, 1, 1, 1, 0], [0, 2, 0, 0, 0, 1, 0, 0, 0, 1, 0], [0, 2, 0, 1, 1, 1, 2, 1, 0, 1, 0], [0, 2, 2, 1, 0, 2, 0, 1, 1, 1, 0], [0, 0, 0, 1, 0, 2, 0, 1, 0, 0, 0], [0, 1, 1, 1, 2, 2, 2, 1, 2, 2, 0], [0, 1, 0, 2, 0, 0, 0, 1, 0, 2, 0], [0, 1, 0, 2, 0, 1, 0, 1, 0, 2, 0], [0, 1, 0, 2, 0, 1, 1, 1, 0, 2, 0], [0, 2, 0, 2, 0, 1, 1, 1, 0, 2, 0], [0, 2, 0, 2, 0, 1, 0, 1, 0, 2, 0], [0, 2, 0, 2, 0, 0, 0, 1, 0, 2, 0], [0, 2, 2, 4, 2, 2, 2, 5, 1, 2, 0], [0, 0, 0, 2, 0, 2, 0, 2, 0, 0, 0], [0, 2, 2, 2, 0, 2, 0, 2, 2, 2, 0], [0, 2, 0, 2, 2, 2, 2, 2, 0, 2, 0], [0, 2, 0, 0, 0, 2, 0, 0, 0, 2, 0], [0, 3, 2, 4, 2, 2, 2, 2, 2, 2, 0], [0, 0, 0, 0, 0, 0, 0, 0, 0, 0, 0]]"
2026-05-28T19:11:42.040283,0,East,247.0,False,False,False,"[[0, 0, 0, 0, 0, 0, 0, 0, 0, 0, 0], [0, 2, 2, 2, 2, 1, 1, 1, 1, 1, 0], [0, 2, 0, 0, 0, 1, 0, 0, 0, 1, 0], [0, 2, 0, 1, 1, 1, 2, 1, 0, 1, 0], [0, 2, 2, 1, 0, 2, 0, 1, 1, 1, 0], [0, 0, 0, 1, 0, 2, 0, 1, 0, 0, 0], [0, 1, 1, 1, 2, 2, 2, 1, 2, 2, 0], [0, 1, 0, 2, 0, 0, 0, 1, 0, 2, 0], [0, 1, 0, 2, 0, 1, 0, 1, 0, 2, 0], [0, 1, 0, 2, 0, 1, 1, 1, 0, 2, 0], [0, 2, 0, 2, 0, 1, 1, 1, 0, 2, 0], [0, 2, 0, 2, 0, 1, 0, 1, 0, 2, 0], [0, 2, 0, 4, 0, 0, 0, 5, 0, 2, 0], [0, 2, 2, 2, 2, 2, 2, 1, 1, 2, 0], [0, 0, 0, 2, 0, 2, 0, 2, 0, 0, 0], [0, 2, 2, 2, 0, 2, 0, 2, 2, 2, 0], [0, 2, 0, 2, 2, 2, 2, 2, 0, 2, 0], [0, 2, 0, 0, 0, 2, 0, 0, 0, 2, 0], [0, 3, 2, 2, 4, 2, 2, 2, 2, 2, 0], [0, 0, 0, 0, 0, 0, 0, 0, 0, 0, 0]]"
2026-05-28T19:11:42.044642,0,East,246.0,False,False,False,"[[0, 0, 0, 0, 0, 0, 0, 0, 0, 0, 0], [0, 2, 2, 2, 2, 1, 1, 1, 1, 1, 0], [0, 2, 0, 0, 0, 1, 0, 0, 0, 1, 0], [0, 2, 0, 1, 1, 1, 2, 1, 0, 1, 0], [0, 2, 2, 1, 0, 2, 0, 1, 1, 1, 0], [0, 0, 0, 1, 0, 2, 0, 1, 0, 0, 0], [0, 1, 1, 1, 2, 2, 2, 1, 2, 2, 0], [0, 1, 0, 2, 0, 0, 0, 1, 0, 2, 0], [0, 1, 0, 2, 0, 1, 0, 1, 0, 2, 0], [0, 1, 0, 2, 0, 1, 1, 1, 0, 2, 0], [0, 2, 0, 2, 0, 1, 1, 1, 0, 2, 0], [0, 2, 0, 4, 0, 1, 0, 1, 0, 2, 0], [0, 2, 0, 2, 0, 0, 0, 1, 0, 2, 0], [0, 2, 2, 2, 2, 2, 2, 5, 1, 2, 0], [0, 0, 0, 2, 0, 2, 0, 2, 0, 0, 0], [0, 2, 2, 2, 0, 2, 0, 2, 2, 2, 0], [0, 2, 0, 2, 2, 2, 2, 2, 0, 2, 0], [0, 2, 0, 0, 0, 2, 0, 0, 0, 2, 0], [0, 3, 2, 2, 2, 4, 2, 2, 2, 2, 0], [0, 0, 0, 0, 0, 0, 0, 0, 0, 0, 0]]"
2026-05-28T19:11:42.048306,0,East,255.0,False,False,False,"[[0, 0, 0, 0, 0, 0, 0, 0, 0, 0, 0], [0, 2, 2, 2, 2, 1, 1, 1, 1, 1, 0], [0, 2, 0, 0, 0, 1, 0, 0, 0, 1, 0], [0, 2, 0, 1, 1, 1, 2, 1, 0, 1, 0], [0, 2, 2, 1, 0, 2, 0, 1, 1, 1, 0], [0, 0, 0, 1, 0, 2, 0, 1, 0, 0, 0], [0, 1, 1, 1, 2, 2, 2, 1, 2, 2, 0], [0, 1, 0, 2, 0, 0, 0, 1, 0, 2, 0], [0, 1, 0, 2, 0, 1, 0, 1, 0, 2, 0], [0, 1, 0, 2, 0, 1, 1, 1, 0, 2, 0], [0, 2, 0, 4, 0, 1, 1, 1, 0, 2, 0], [0, 2, 0, 2, 0, 1, 0, 1, 0, 2, 0], [0, 2, 0, 2, 0, 0, 0, 1, 0, 2, 0], [0, 2, 2, 2, 2, 2, 2, 1, 1, 2, 0], [0, 0, 0, 2, 0, 2, 0, 5, 0, 0, 0], [0, 2, 2, 2, 0, 2, 0, 2, 2, 2, 0], [0, 2, 0, 2, 2, 2, 2, 2, 0, 2, 0], [0, 2, 0, 0, 0, 4, 0, 0, 0, 2, 0], [0, 3, 2, 2, 2, 2, 2, 2, 2, 2, 0], [0, 0, 0, 0, 0, 0, 0, 0, 0, 0, 0]]"
2026-05-28T19:11:42.052629,0,West,264.0,False,False,False,"[[0, 0, 0, 0, 0, 0, 0, 0, 0, 0, 0], [0, 2, 2, 2, 2, 1, 1, 1, 1, 1, 0], [0, 2, 0, 0, 0, 1, 0, 0, 0, 1, 0], [0, 2, 0, 1, 1, 1, 2, 1, 0, 1, 0], [0, 2, 2, 1, 0, 2, 0, 1, 1, 1, 0], [0, 0, 0, 1, 0, 2, 0, 1, 0, 0, 0], [0, 1, 1, 1, 2, 2, 2, 1, 2, 2, 0], [0, 1, 0, 2, 0, 0, 0, 1, 0, 2, 0], [0, 1, 0, 2, 0, 1, 0, 1, 0, 2, 0], [0, 1, 0, 4, 0, 1, 1, 1, 0, 2, 0], [0, 2, 0, 2, 0, 1, 1, 1, 0, 2, 0], [0, 2, 0, 2, 0, 1, 0, 1, 0, 2, 0], [0, 2, 0, 2, 0, 0, 0, 1, 0, 2, 0], [0, 2, 2, 2, 2, 2, 2, 1, 1, 2, 0], [0, 0, 0, 2, 0, 2, 0, 1, 0, 0, 0], [0, 2, 2, 2, 0, 2, 0, 5, 2, 2, 0], [0, 2, 0, 2, 2, 4, 2, 2, 0, 2, 0], [0, 2, 0, 0, 0, 2, 0, 0, 0, 2, 0], [0, 3, 2, 2, 2, 2, 2, 2, 2, 2, 0], [0, 0, 0, 0, 0, 0, 0, 0, 0, 0, 0]]"
2026-05-28T19:11:42.056674,0,West,263.0,False,False,False,"[[0, 0, 0, 0, 0, 0, 0, 0, 0, 0, 0], [0, 2, 2, 2, 2, 1, 1, 1, 1, 1, 0], [0, 2, 0, 0, 0, 1, 0, 0, 0, 1, 0], [0, 2, 0, 1, 1, 1, 2, 1, 0, 1, 0], [0, 2, 2, 1, 0, 2, 0, 1, 1, 1, 0], [0, 0, 0, 1, 0, 2, 0, 1, 0, 0, 0], [0, 1, 1, 1, 2, 2, 2, 1, 2, 2, 0], [0, 1, 0, 2, 0, 0, 0, 1, 0, 2, 0], [0, 1, 0, 4, 0, 1, 0, 1, 0, 2, 0], [0, 1, 0, 2, 0, 1, 1, 1, 0, 2, 0], [0, 2, 0, 2, 0, 1, 1, 1, 0, 2, 0], [0, 2, 0, 2, 0, 1, 0, 1, 0, 2, 0], [0, 2, 0, 2, 0, 0, 0, 1, 0, 2, 0], [0, 2, 2, 2, 2, 2, 2, 1, 1, 2, 0], [0, 0, 0, 2, 0, 2, 0, 5, 0, 0, 0], [0, 2, 2, 2, 0, 4, 0, 1, 2, 2, 0], [0, 2, 0, 2, 2, 2, 2, 2, 0, 2, 0], [0, 2, 0, 0, 0, 2, 0, 0, 0, 2, 0], [0, 3, 2, 2, 2, 2, 2, 2, 2, 2, 0], [0, 0, 0, 0, 0, 0, 0, 0, 0, 0, 0]]"
2026-05-28T19:11:42.062210,0,West,262.0,False,False,False,"[[0, 0, 0, 0, 0, 0, 0, 0, 0, 0, 0], [0, 2, 2, 2, 2, 1, 1, 1, 1, 1, 0], [0, 2, 0, 0, 0, 1, 0, 0, 0, 1, 0], [0, 2, 0, 1, 1, 1, 2, 1, 0, 1, 0], [0, 2, 2, 1, 0, 2, 0, 1, 1, 1, 0], [0, 0, 0, 1, 0, 2, 0, 1, 0, 0, 0], [0, 1, 1, 1, 2, 2, 2, 1, 2, 2, 0], [0, 1, 0, 4, 0, 0, 0, 1, 0, 2, 0], [0, 1, 0, 2, 0, 1, 0, 1, 0, 2, 0], [0, 1, 0, 2, 0, 1, 1, 1, 0, 2, 0], [0, 2, 0, 2, 0, 1, 1, 1, 0, 2, 0], [0, 2, 0, 2, 0, 1, 0, 1, 0, 2, 0], [0, 2, 0, 2, 0, 0, 0, 1, 0, 2, 0], [0, 2, 2, 2, 2, 2, 2, 5, 1, 2, 0], [0, 0, 0, 2, 0, 4, 0, 1, 0, 0, 0], [0, 2, 2, 2, 0, 2, 0, 1, 2, 2, 0], [0, 2, 0, 2, 2, 2, 2, 2, 0, 2, 0], [0, 2, 0, 0, 0, 2, 0, 0, 0, 2, 0], [0, 3, 2, 2, 2, 2, 2, 2, 2, 2, 0], [0, 0, 0, 0, 0, 0, 0, 0, 0, 0, 0]]"
2026-05-28T19:11:42.065900,0,West,261.0,False,False,False,"[[0, 0, 0, 0, 0, 0, 0, 0, 0, 0, 0], [0, 2, 2, 2, 2, 1, 1, 1, 1, 1, 0], [0, 2, 0, 0, 0, 1, 0, 0, 0, 1, 0], [0, 2, 0, 1, 1, 1, 2, 1, 0, 1, 0], [0, 2, 2, 1, 0, 2, 0, 1, 1, 1, 0], [0, 0, 0, 1, 0, 2, 0, 1, 0, 0, 0], [0, 1, 1, 4, 2, 2, 2, 1, 2, 2, 0], [0, 1, 0, 2, 0, 0, 0, 1, 0, 2, 0], [0, 1, 0, 2, 0, 1, 0, 1, 0, 2, 0], [0, 1, 0, 2, 0, 1, 1, 1, 0, 2, 0], [0, 2, 0, 2, 0, 1, 1, 1, 0, 2, 0], [0, 2, 0, 2, 0, 1, 0, 1, 0, 2, 0], [0, 2, 0, 2, 0, 0, 0, 5, 0, 2, 0], [0, 2, 2, 2, 2, 4, 2, 1, 1, 2, 0], [0, 0, 0, 2, 0, 2, 0, 1, 0, 0, 0], [0, 2, 2, 2, 0, 2, 0, 1, 2, 2, 0], [0, 2, 0, 2, 2, 2, 2, 2, 0, 2, 0], [0, 2, 0, 0, 0, 2, 0, 0, 0, 2, 0], [0, 3, 2, 2, 2, 2, 2, 2, 2, 2, 0], [0, 0, 0, 0, 0, 0, 0, 0, 0, 0, 0]]"
2026-05-28T19:11:42.070666,0,West,260.0,False,False,False,"[[0, 0, 0, 0, 0, 0, 0, 0, 0, 0, 0], [0, 2, 2, 2, 2, 1, 1, 1, 1, 1, 0], [0, 2, 0, 0, 0, 1, 0, 0, 0, 1, 0], [0, 2, 0, 1, 1, 1, 2, 1, 0, 1, 0], [0, 2, 2, 1, 0, 2, 0, 1, 1, 1, 0], [0, 0, 0, 1, 0, 2, 0, 1, 0, 0, 0], [0, 1, 1, 1, 4, 2, 2, 1, 2, 2, 0], [0, 1, 0, 2, 0, 0, 0, 1, 0, 2, 0], [0, 1, 0, 2, 0, 1, 0, 1, 0, 2, 0], [0, 1, 0, 2, 0, 1, 1, 1, 0, 2, 0], [0, 2, 0, 2, 0, 1, 1, 1, 0, 2, 0], [0, 2, 0, 2, 0, 1, 0, 5, 0, 2, 0], [0, 2, 0, 2, 0, 0, 0, 1, 0, 2, 0], [0, 2, 2, 2, 2, 2, 4, 1, 1, 2, 0], [0, 0, 0, 2, 0, 2, 0, 1, 0, 0, 0], [0, 2, 2, 2, 0, 2, 0, 1, 2, 2, 0], [0, 2, 0, 2, 2, 2, 2, 2, 0, 2, 0], [0, 2, 0, 0, 0, 2, 0, 0, 0, 2, 0], [0, 3, 2, 2, 2, 2, 2, 2, 2, 2, 0], [0, 0, 0, 0, 0, 0, 0, 0, 0, 0, 0]]"
2026-05-28T19:11:42.075775,0,West,259.0,False,False,False,"[[0, 0, 0, 0, 0, 0, 0, 0, 0, 0, 0], [0, 2, 2, 2, 2, 1, 1, 1, 1, 1, 0], [0, 2, 0, 0, 0, 1, 0, 0, 0, 1, 0], [0, 2, 0, 1, 1, 1, 2, 1, 0, 1, 0], [0, 2, 2, 1, 0, 2, 0, 1, 1, 1, 0], [0, 0, 0, 1, 0, 2, 0, 1, 0, 0, 0], [0, 1, 1, 1, 2, 4, 2, 1, 2, 2, 0], [0, 1, 0, 2, 0, 0, 0, 1, 0, 2, 0], [0, 1, 0, 2, 0, 1, 0, 1, 0, 2, 0], [0, 1, 0, 2, 0, 1, 1, 1, 0, 2, 0], [0, 2, 0, 2, 0, 1, 1, 5, 0, 2, 0], [0, 2, 0, 2, 0, 1, 0, 1, 0, 2, 0], [0, 2, 0, 2, 0, 0, 0, 1, 0, 2, 0], [0, 2, 2, 2, 2, 2, 2, 4, 1, 2, 0], [0, 0, 0, 2, 0, 2, 0, 1, 0, 0, 0], [0, 2, 2, 2, 0, 2, 0, 1, 2, 2, 0], [0, 2, 0, 2, 2, 2, 2, 2, 0, 2, 0], [0, 2, 0, 0, 0, 2, 0, 0, 0, 2, 0], [0, 3, 2, 2, 2, 2, 2, 2, 2, 2, 0], [0, 0, 0, 0, 0, 0, 0, 0, 0, 0, 0]]"
2026-05-28T19:11:42.080335,0,West,258.0,False,False,False,"[[0, 0, 0, 0, 0, 0, 0, 0, 0, 0, 0], [0, 2, 2, 2, 2, 1, 1, 1, 1, 1, 0], [0, 2, 0, 0, 0, 1, 0, 0, 0, 1, 0], [0, 2, 0, 1, 1, 1, 2, 1, 0, 1, 0], [0, 2, 2, 1, 0, 2, 0, 1, 1, 1, 0], [0, 0, 0, 1, 0, 4, 0, 1, 0, 0, 0], [0, 1, 1, 1, 2, 2, 2, 1, 2, 2, 0], [0, 1, 0, 2, 0, 0, 0, 1, 0, 2, 0], [0, 1, 0, 2, 0, 1, 0, 1, 0, 2, 0], [0, 1, 0, 2, 0, 1, 1, 5, 0, 2, 0], [0, 2, 0, 2, 0, 1, 1, 1, 0, 2, 0], [0, 2, 0, 2, 0, 1, 0, 1, 0, 2, 0], [0, 2, 0, 2, 0, 0, 0, 4, 0, 2, 0], [0, 2, 2, 2, 2, 2, 2, 1, 1, 2, 0], [0, 0, 0, 2, 0, 2, 0, 1, 0, 0, 0], [0, 2, 2, 2, 0, 2, 0, 1, 2, 2, 0], [0, 2, 0, 2, 2, 2, 2, 2, 0, 2, 0], [0, 2, 0, 0, 0, 2, 0, 0, 0, 2, 0], [0, 3, 2, 2, 2, 2, 2, 2, 2, 2, 0], [0, 0, 0, 0, 0, 0, 0, 0, 0, 0, 0]]"
2026-05-28T19:11:42.084323,0,West,257.0,False,False,False,"[[0, 0, 0, 0, 0, 0, 0, 0, 0, 0, 0], [0, 2, 2, 2, 2, 1, 1, 1, 1, 1, 0], [0, 2, 0, 0, 0, 1, 0, 0, 0, 1, 0], [0, 2, 0, 1, 1, 1, 2, 1, 0, 1, 0], [0, 2, 2, 1, 0, 4, 0, 1, 1, 1, 0], [0, 0, 0, 1, 0, 2, 0, 1, 0, 0, 0], [0, 1, 1, 1, 2, 2, 2, 1, 2, 2, 0], [0, 1, 0, 2, 0, 0, 0, 1, 0, 2, 0], [0, 1, 0, 2, 0, 1, 0, 5, 0, 2, 0], [0, 1, 0, 2, 0, 1, 1, 1, 0, 2, 0], [0, 2, 0, 2, 0, 1, 1, 1, 0, 2, 0], [0, 2, 0, 2, 0, 1, 0, 4, 0, 2, 0], [0, 2, 0, 2, 0, 0, 0, 1, 0, 2, 0], [0, 2, 2, 2, 2, 2, 2, 1, 1, 2, 0], [0, 0, 0, 2, 0, 2, 0, 1, 0, 0, 0], [0, 2, 2, 2, 0, 2, 0, 1, 2, 2, 0], [0, 2, 0, 2, 2, 2, 2, 2, 0, 2, 0], [0, 2, 0, 0, 0, 2, 0, 0, 0, 2, 0], [0, 3, 2, 2, 2, 2, 2, 2, 2, 2, 0], [0, 0, 0, 0, 0, 0, 0, 0, 0, 0, 0]]"
2026-05-28T19:11:42.088803,0,West,256.0,False,False,False,"[[0, 0, 0, 0, 0, 0, 0, 0, 0, 0, 0], [0, 2, 2, 2, 2, 1, 1, 1, 1, 1, 0], [0, 2, 0, 0, 0, 1, 0, 0, 0, 1, 0], [0, 2, 0, 1, 1, 4, 2, 1, 0, 1, 0], [0, 2, 2, 1, 0, 2, 0, 1, 1, 1, 0], [0, 0, 0, 1, 0, 2, 0, 1, 0, 0, 0], [0, 1, 1, 1, 2, 2, 2, 1, 2, 2, 0], [0, 1, 0, 2, 0, 0, 0, 5, 0, 2, 0], [0, 1, 0, 2, 0, 1, 0, 1, 0, 2, 0], [0, 1, 0, 2, 0, 1, 1, 1, 0, 2, 0], [0, 2, 0, 2, 0, 1, 1, 4, 0, 2, 0], [0, 2, 0, 2, 0, 1, 0, 1, 0, 2, 0], [0, 2, 0, 2, 0, 0, 0, 1, 0, 2, 0], [0, 2, 2, 2, 2, 2, 2, 1, 1, 2, 0], [0, 0, 0, 2, 0, 2, 0, 1, 0, 0, 0], [0, 2, 2, 2, 0, 2, 0, 1, 2, 2, 0], [0, 2, 0, 2, 2, 2, 2, 2, 0, 2, 0], [0, 2, 0, 0, 0, 2, 0, 0, 0, 2, 0], [0, 3, 2, 2, 2, 2, 2, 2, 2, 2, 0], [0, 0, 0, 0, 0, 0, 0, 0, 0, 0, 0]]"
2026-05-28T19:11:42.094161,0,South,255.0,False,False,False,"[[0, 0, 0, 0, 0, 0, 0, 0, 0, 0, 0], [0, 2, 2, 2, 2, 1, 1, 1, 1, 1, 0], [0, 2, 0, 0, 0, 1, 0, 0, 0, 1, 0], [0, 2, 0, 1, 1, 1, 4, 1, 0, 1, 0], [0, 2, 2, 1, 0, 2, 0, 1, 1, 1, 0], [0, 0, 0, 1, 0, 2, 0, 1, 0, 0, 0], [0, 1, 1, 1, 2, 2, 2, 5, 2, 2, 0], [0, 1, 0, 2, 0, 0, 0, 1, 0, 2, 0], [0, 1, 0, 2, 0, 1, 0, 1, 0, 2, 0], [0, 1, 0, 2, 0, 1, 1, 4, 0, 2, 0], [0, 2, 0, 2, 0, 1, 1, 1, 0, 2, 0], [0, 2, 0, 2, 0, 1, 0, 1, 0, 2, 0], [0, 2, 0, 2, 0, 0, 0, 1, 0, 2, 0], [0, 2, 2, 2, 2, 2, 2, 1, 1, 2, 0], [0, 0, 0, 2, 0, 2, 0, 1, 0, 0, 0], [0, 2, 2, 2, 0, 2, 0, 1, 2, 2, 0], [0, 2, 0, 2, 2, 2, 2, 2, 0, 2, 0], [0, 2, 0, 0, 0, 2, 0, 0, 0, 2, 0], [0, 3, 2, 2, 2, 2, 2, 2, 2, 2, 0], [0, 0, 0, 0, 0, 0, 0, 0, 0, 0, 0]]"
2026-05-28T19:11:42.097840,0,Stop,264.0,False,False,False,"[[0, 0, 0, 0, 0, 0, 0, 0, 0, 0, 0], [0, 2, 2, 2, 2, 1, 1, 1, 1, 1, 0], [0, 2, 0, 0, 0, 1, 0, 0, 0, 1, 0], [0, 2, 0, 1, 1, 1, 2, 4, 0, 1, 0], [0, 2, 2, 1, 0, 2, 0, 1, 1, 1, 0], [0, 0, 0, 1, 0, 2, 0, 1, 0, 0, 0], [0, 1, 1, 1, 2, 2, 5, 1, 2, 2, 0], [0, 1, 0, 2, 0, 0, 0, 1, 0, 2, 0], [0, 1, 0, 2, 0, 1, 0, 1, 0, 2, 0], [0, 1, 0, 2, 0, 1, 4, 1, 0, 2, 0], [0, 2, 0, 2, 0, 1, 1, 1, 0, 2, 0], [0, 2, 0, 2, 0, 1, 0, 1, 0, 2, 0], [0, 2, 0, 2, 0, 0, 0, 1, 0, 2, 0], [0, 2, 2, 2, 2, 2, 2, 1, 1, 2, 0], [0, 0, 0, 2, 0, 2, 0, 1, 0, 0, 0], [0, 2, 2, 2, 0, 2, 0, 1, 2, 2, 0], [0, 2, 0, 2, 2, 2, 2, 2, 0, 2, 0], [0, 2, 0, 0, 0, 2, 0, 0, 0, 2, 0], [0, 3, 2, 2, 2, 2, 2, 2, 2, 2, 0], [0, 0, 0, 0, 0, 0, 0, 0, 0, 0, 0]]"
2026-05-28T19:11:42.102221,0,South,263.0,False,False,False,"[[0, 0, 0, 0, 0, 0, 0, 0, 0, 0, 0], [0, 2, 2, 2, 2, 1, 1, 1, 1, 1, 0], [0, 2, 0, 0, 0, 1, 0, 0, 0, 1, 0], [0, 2, 0, 1, 1, 1, 2, 1, 0, 1, 0], [0, 2, 2, 1, 0, 2, 0, 4, 1, 1, 0], [0, 0, 0, 1, 0, 2, 0, 1, 0, 0, 0], [0, 1, 1, 1, 2, 2, 5, 1, 2, 2, 0], [0, 1, 0, 2, 0, 0, 0, 1, 0, 2, 0], [0, 1, 0, 2, 0, 1, 0, 1, 0, 2, 0], [0, 1, 0, 2, 0, 4, 1, 1, 0, 2, 0], [0, 2, 0, 2, 0, 1, 1, 1, 0, 2, 0], [0, 2, 0, 2, 0, 1, 0, 1, 0, 2, 0], [0, 2, 0, 2, 0, 0, 0, 1, 0, 2, 0], [0, 2, 2, 2, 2, 2, 2, 1, 1, 2, 0], [0, 0, 0, 2, 0, 2, 0, 1, 0, 0, 0], [0, 2, 2, 2, 0, 2, 0, 1, 2, 2, 0], [0, 2, 0, 2, 2, 2, 2, 2, 0, 2, 0], [0, 2, 0, 0, 0, 2, 0, 0, 0, 2, 0], [0, 3, 2, 2, 2, 2, 2, 2, 2, 2, 0], [0, 0, 0, 0, 0, 0, 0, 0, 0, 0, 0]]"
2026-05-28T19:11:42.106102,0,South,272.0,False,False,False,"[[0, 0, 0, 0, 0, 0, 0, 0, 0, 0, 0], [0, 2, 2, 2, 2, 1, 1, 1, 1, 1, 0], [0, 2, 0, 0, 0, 1, 0, 0, 0, 1, 0], [0, 2, 0, 1, 1, 1, 2, 1, 0, 1, 0], [0, 2, 2, 1, 0, 2, 0, 1, 1, 1, 0], [0, 0, 0, 1, 0, 2, 0, 4, 0, 0, 0], [0, 1, 1, 1, 2, 5, 1, 1, 2, 2, 0], [0, 1, 0, 2, 0, 0, 0, 1, 0, 2, 0], [0, 1, 0, 2, 0, 4, 0, 1, 0, 2, 0], [0, 1, 0, 2, 0, 1, 1, 1, 0, 2, 0], [0, 2, 0, 2, 0, 1, 1, 1, 0, 2, 0], [0, 2, 0, 2, 0, 1, 0, 1, 0, 2, 0], [0, 2, 0, 2, 0, 0, 0, 1, 0, 2, 0], [0, 2, 2, 2, 2, 2, 2, 1, 1, 2, 0], [0, 0, 0, 2, 0, 2, 0, 1, 0, 0, 0], [0, 2, 2, 2, 0, 2, 0, 1, 2, 2, 0], [0, 2, 0, 2, 2, 2, 2, 2, 0, 2, 0], [0, 2, 0, 0, 0, 2, 0, 0, 0, 2, 0], [0, 3, 2, 2, 2, 2, 2, 2, 2, 2, 0], [0, 0, 0, 0, 0, 0, 0, 0, 0, 0, 0]]"
2026-05-28T19:11:42.110208,0,South,281.0,False,False,False,"[[0, 0, 0, 0, 0, 0, 0, 0, 0, 0, 0], [0, 2, 2, 2, 2, 1, 1, 1, 1, 1, 0], [0, 2, 0, 0, 0, 1, 0, 0, 0, 1, 0], [0, 2, 0, 1, 1, 1, 2, 1, 0, 1, 0], [0, 2, 2, 1, 0, 2, 0, 1, 1, 1, 0], [0, 0, 0, 1, 0, 2, 0, 1, 0, 0, 0], [0, 1, 1, 1, 5, 1, 1, 4, 2, 2, 0], [0, 1, 0, 2, 0, 0, 0, 1, 0, 2, 0], [0, 1, 0, 2, 0, 1, 0, 1, 0, 2, 0], [0, 1, 0, 2, 0, 4, 1, 1, 0, 2, 0], [0, 2, 0, 2, 0, 1, 1, 1, 0, 2, 0], [0, 2, 0, 2, 0, 1, 0, 1, 0, 2, 0], [0, 2, 0, 2, 0, 0, 0, 1, 0, 2, 0], [0, 2, 2, 2, 2, 2, 2, 1, 1, 2, 0], [0, 0, 0, 2, 0, 2, 0, 1, 0, 0, 0], [0, 2, 2, 2, 0, 2, 0, 1, 2, 2, 0], [0, 2, 0, 2, 2, 2, 2, 2, 0, 2, 0], [0, 2, 0, 0, 0, 2, 0, 0, 0, 2, 0], [0, 3, 2, 2, 2, 2, 2, 2, 2, 2, 0], [0, 0, 0, 0, 0, 0, 0, 0, 0, 0, 0]]"
2026-05-28T19:11:42.115875,0,East,280.0,False,False,False,"[[0, 0, 0, 0, 0, 0, 0, 0, 0, 0, 0], [0, 2, 2, 2, 2, 1, 1, 1, 1, 1, 0], [0, 2, 0, 0, 0, 1, 0, 0, 0, 1, 0], [0, 2, 0, 1, 1, 1, 2, 1, 0, 1, 0], [0, 2, 2, 1, 0, 2, 0, 1, 1, 1, 0], [0, 0, 0, 1, 0, 2, 0, 1, 0, 0, 0], [0, 1, 1, 5, 1, 1, 4, 1, 2, 2, 0], [0, 1, 0, 2, 0, 0, 0, 1, 0, 2, 0], [0, 1, 0, 2, 0, 1, 0, 1, 0, 2, 0], [0, 1, 0, 2, 0, 1, 1, 1, 0, 2, 0], [0, 2, 0, 2, 0, 4, 1, 1, 0, 2, 0], [0, 2, 0, 2, 0, 1, 0, 1, 0, 2, 0], [0, 2, 0, 2, 0, 0, 0, 1, 0, 2, 0], [0, 2, 2, 2, 2, 2, 2, 1, 1, 2, 0], [0, 0, 0, 2, 0, 2, 0, 1, 0, 0, 0], [0, 2, 2, 2, 0, 2, 0, 1, 2, 2, 0], [0, 2, 0, 2, 2, 2, 2, 2, 0, 2, 0], [0, 2, 0, 0, 0, 2, 0, 0, 0, 2, 0], [0, 3, 2, 2, 2, 2, 2, 2, 2, 2, 0], [0, 0, 0, 0, 0, 0, 0, 0, 0, 0, 0]]"
2026-05-28T19:11:42.119623,0,East,289.0,False,False,False,"[[0, 0, 0, 0, 0, 0, 0, 0, 0, 0, 0], [0, 2, 2, 2, 2, 1, 1, 1, 1, 1, 0], [0, 2, 0, 0, 0, 1, 0, 0, 0, 1, 0], [0, 2, 0, 1, 1, 1, 2, 1, 0, 1, 0], [0, 2, 2, 1, 0, 2, 0, 1, 1, 1, 0], [0, 0, 0, 1, 0, 2, 0, 1, 0, 0, 0], [0, 1, 1, 1, 1, 4, 1, 1, 2, 2, 0], [0, 1, 0, 5, 0, 0, 0, 1, 0, 2, 0], [0, 1, 0, 2, 0, 1, 0, 1, 0, 2, 0], [0, 1, 0, 2, 0, 1, 1, 1, 0, 2, 0], [0, 2, 0, 2, 0, 1, 4, 1, 0, 2, 0], [0, 2, 0, 2, 0, 1, 0, 1, 0, 2, 0], [0, 2, 0, 2, 0, 0, 0, 1, 0, 2, 0], [0, 2, 2, 2, 2, 2, 2, 1, 1, 2, 0], [0, 0, 0, 2, 0, 2, 0, 1, 0, 0, 0], [0, 2, 2, 2, 0, 2, 0, 1, 2, 2, 0], [0, 2, 0, 2, 2, 2, 2, 2, 0, 2, 0], [0, 2, 0, 0, 0, 2, 0, 0, 0, 2, 0], [0, 3, 2, 2, 2, 2, 2, 2, 2, 2, 0], [0, 0, 0, 0, 0, 0, 0, 0, 0, 0, 0]]"
2026-05-28T19:11:42.123843,0,West,298.0,False,False,False,"[[0, 0, 0, 0, 0, 0, 0, 0, 0, 0, 0], [0, 2, 2, 2, 2, 1, 1, 1, 1, 1, 0], [0, 2, 0, 0, 0, 1, 0, 0, 0, 1, 0], [0, 2, 0, 1, 1, 1, 2, 1, 0, 1, 0], [0, 2, 2, 1, 0, 2, 0, 1, 1, 1, 0], [0, 0, 0, 1, 0, 4, 0, 1, 0, 0, 0], [0, 1, 1, 1, 1, 1, 1, 1, 2, 2, 0], [0, 1, 0, 1, 0, 0, 0, 1, 0, 2, 0], [0, 1, 0, 5, 0, 1, 0, 1, 0, 2, 0], [0, 1, 0, 2, 0, 1, 4, 1, 0, 2, 0], [0, 2, 0, 2, 0, 1, 1, 1, 0, 2, 0], [0, 2, 0, 2, 0, 1, 0, 1, 0, 2, 0], [0, 2, 0, 2, 0, 0, 0, 1, 0, 2, 0], [0, 2, 2, 2, 2, 2, 2, 1, 1, 2, 0], [0, 0, 0, 2, 0, 2, 0, 1, 0, 0, 0], [0, 2, 2, 2, 0, 2, 0, 1, 2, 2, 0], [0, 2, 0, 2, 2, 2, 2, 2, 0, 2, 0], [0, 2, 0, 0, 0, 2, 0, 0, 0, 2, 0], [0, 3, 2, 2, 2, 2, 2, 2, 2, 2, 0], [0, 0, 0, 0, 0, 0, 0, 0, 0, 0, 0]]"
2026-05-28T19:11:42.127568,0,West,297.0,False,False,False,"[[0, 0, 0, 0, 0, 0, 0, 0, 0, 0, 0], [0, 2, 2, 2, 2, 1, 1, 1, 1, 1, 0], [0, 2, 0, 0, 0, 1, 0, 0, 0, 1, 0], [0, 2, 0, 1, 1, 1, 2, 1, 0, 1, 0], [0, 2, 2, 1, 0, 4, 0, 1, 1, 1, 0], [0, 0, 0, 1, 0, 2, 0, 1, 0, 0, 0], [0, 1, 1, 1, 1, 1, 1, 1, 2, 2, 0], [0, 1, 0, 5, 0, 0, 0, 1, 0, 2, 0], [0, 1, 0, 1, 0, 1, 0, 1, 0, 2, 0], [0, 1, 0, 2, 0, 4, 1, 1, 0, 2, 0], [0, 2, 0, 2, 0, 1, 1, 1, 0, 2, 0], [0, 2, 0, 2, 0, 1, 0, 1, 0, 2, 0], [0, 2, 0, 2, 0, 0, 0, 1, 0, 2, 0], [0, 2, 2, 2, 2, 2, 2, 1, 1, 2, 0], [0, 0, 0, 2, 0, 2, 0, 1, 0, 0, 0], [0, 2, 2, 2, 0, 2, 0, 1, 2, 2, 0], [0, 2, 0, 2, 2, 2, 2, 2, 0, 2, 0], [0, 2, 0, 0, 0, 2, 0, 0, 0, 2, 0], [0, 3, 2, 2, 2, 2, 2, 2, 2, 2, 0], [0, 0, 0, 0, 0, 0, 0, 0, 0, 0, 0]]"
2026-05-28T19:11:42.132493,0,Stop,296.0,False,False,False,"[[0, 0, 0, 0, 0, 0, 0, 0, 0, 0, 0], [0, 2, 2, 2, 2, 1, 1, 1, 1, 1, 0], [0, 2, 0, 0, 0, 1, 0, 0, 0, 1, 0], [0, 2, 0, 1, 1, 4, 2, 1, 0, 1, 0], [0, 2, 2, 1, 0, 2, 0, 1, 1, 1, 0], [0, 0, 0, 1, 0, 2, 0, 1, 0, 0, 0], [0, 1, 1, 5, 1, 1, 1, 1, 2, 2, 0], [0, 1, 0, 1, 0, 0, 0, 1, 0, 2, 0], [0, 1, 0, 1, 0, 4, 0, 1, 0, 2, 0], [0, 1, 0, 2, 0, 1, 1, 1, 0, 2, 0], [0, 2, 0, 2, 0, 1, 1, 1, 0, 2, 0], [0, 2, 0, 2, 0, 1, 0, 1, 0, 2, 0], [0, 2, 0, 2, 0, 0, 0, 1, 0, 2, 0], [0, 2, 2, 2, 2, 2, 2, 1, 1, 2, 0], [0, 0, 0, 2, 0, 2, 0, 1, 0, 0, 0], [0, 2, 2, 2, 0, 2, 0, 1, 2, 2, 0], [0, 2, 0, 2, 2, 2, 2, 2, 0, 2, 0], [0, 2, 0, 0, 0, 2, 0, 0, 0, 2, 0], [0, 3, 2, 2, 2, 2, 2, 2, 2, 2, 0], [0, 0, 0, 0, 0, 0, 0, 0, 0, 0, 0]]"
2026-05-28T19:11:42.137350,0,South,295.0,False,False,False,"[[0, 0, 0, 0, 0, 0, 0, 0, 0, 0, 0], [0, 2, 2, 2, 2, 1, 1, 1, 1, 1, 0], [0, 2, 0, 0, 0, 1, 0, 0, 0, 1, 0], [0, 2, 0, 1, 4, 1, 2, 1, 0, 1, 0], [0, 2, 2, 1, 0, 2, 0, 1, 1, 1, 0], [0, 0, 0, 1, 0, 2, 0, 1, 0, 0, 0], [0, 1, 1, 5, 1, 1, 1, 1, 2, 2, 0], [0, 1, 0, 1, 0, 0, 0, 1, 0, 2, 0], [0, 1, 0, 1, 0, 1, 0, 1, 0, 2, 0], [0, 1, 0, 2, 0, 4, 1, 1, 0, 2, 0], [0, 2, 0, 2, 0, 1, 1, 1, 0, 2, 0], [0, 2, 0, 2, 0, 1, 0, 1, 0, 2, 0], [0, 2, 0, 2, 0, 0, 0, 1, 0, 2, 0], [0, 2, 2, 2, 2, 2, 2, 1, 1, 2, 0], [0, 0, 0, 2, 0, 2, 0, 1, 0, 0, 0], [0, 2, 2, 2, 0, 2, 0, 1, 2, 2, 0], [0, 2, 0, 2, 2, 2, 2, 2, 0, 2, 0], [0, 2, 0, 0, 0, 2, 0, 0, 0, 2, 0], [0, 3, 2, 2, 2, 2, 2, 2, 2, 2, 0], [0, 0, 0, 0, 0, 0, 0, 0, 0, 0, 0]]"
2026-05-28T19:11:42.140453,0,North,294.0,False,False,False,"[[0, 0, 0, 0, 0, 0, 0, 0, 0, 0, 0], [0, 2, 2, 2, 2, 1, 1, 1, 1, 1, 0], [0, 2, 0, 0, 0, 1, 0, 0, 0, 1, 0], [0, 2, 0, 4, 1, 1, 2, 1, 0, 1, 0], [0, 2, 2, 1, 0, 2, 0, 1, 1, 1, 0], [0, 0, 0, 1, 0, 2, 0, 1, 0, 0, 0], [0, 1, 5, 1, 1, 1, 1, 1, 2, 2, 0], [0, 1, 0, 1, 0, 0, 0, 1, 0, 2, 0], [0, 1, 0, 1, 0, 1, 0, 1, 0, 2, 0], [0, 1, 0, 2, 0, 1, 1, 1, 0, 2, 0], [0, 2, 0, 2, 0, 4, 1, 1, 0, 2, 0], [0, 2, 0, 2, 0, 1, 0, 1, 0, 2, 0], [0, 2, 0, 2, 0, 0, 0, 1, 0, 2, 0], [0, 2, 2, 2, 2, 2, 2, 1, 1, 2, 0], [0, 0, 0, 2, 0, 2, 0, 1, 0, 0, 0], [0, 2, 2, 2, 0, 2, 0, 1, 2, 2, 0], [0, 2, 0, 2, 2, 2, 2, 2, 0, 2, 0], [0, 2, 0, 0, 0, 2, 0, 0, 0, 2, 0], [0, 3, 2, 2, 2, 2, 2, 2, 2, 2, 0], [0, 0, 0, 0, 0, 0, 0, 0, 0, 0, 0]]"
2026-05-28T19:11:42.144698,0,East,293.0,False,False,False,"[[0, 0, 0, 0, 0, 0, 0, 0, 0, 0, 0], [0, 2, 2, 2, 2, 1, 1, 1, 1, 1, 0], [0, 2, 0, 0, 0, 1, 0, 0, 0, 1, 0], [0, 2, 0, 1, 1, 1, 2, 1, 0, 1, 0], [0, 2, 2, 4, 0, 2, 0, 1, 1, 1, 0], [0, 0, 0, 1, 0, 2, 0, 1, 0, 0, 0], [0, 1, 1, 5, 1, 1, 1, 1, 2, 2, 0], [0, 1, 0, 1, 0, 0, 0, 1, 0, 2, 0], [0, 1, 0, 1, 0, 1, 0, 1, 0, 2, 0], [0, 1, 0, 2, 0, 1, 1, 1, 0, 2, 0], [0, 2, 0, 2, 0, 1, 1, 1, 0, 2, 0], [0, 2, 0, 2, 0, 4, 0, 1, 0, 2, 0], [0, 2, 0, 2, 0, 0, 0, 1, 0, 2, 0], [0, 2, 2, 2, 2, 2, 2, 1, 1, 2, 0], [0, 0, 0, 2, 0, 2, 0, 1, 0, 0, 0], [0, 2, 2, 2, 0, 2, 0, 1, 2, 2, 0], [0, 2, 0, 2, 2, 2, 2, 2, 0, 2, 0], [0, 2, 0, 0, 0, 2, 0, 0, 0, 2, 0], [0, 3, 2, 2, 2, 2, 2, 2, 2, 2, 0], [0, 0, 0, 0, 0, 0, 0, 0, 0, 0, 0]]"
2026-05-28T19:11:42.147730,0,East,292.0,False,False,False,"[[0, 0, 0, 0, 0, 0, 0, 0, 0, 0, 0], [0, 2, 2, 2, 2, 1, 1, 1, 1, 1, 0], [0, 2, 0, 0, 0, 1, 0, 0, 0, 1, 0], [0, 2, 0, 1, 1, 1, 2, 1, 0, 1, 0], [0, 2, 2, 1, 0, 2, 0, 1, 1, 1, 0], [0, 0, 0, 4, 0, 2, 0, 1, 0, 0, 0], [0, 1, 1, 1, 1, 1, 1, 1, 2, 2, 0], [0, 1, 0, 5, 0, 0, 0, 1, 0, 2, 0], [0, 1, 0, 1, 0, 1, 0, 1, 0, 2, 0], [0, 1, 0, 2, 0, 1, 1, 1, 0, 2, 0], [0, 2, 0, 2, 0, 4, 1, 1, 0, 2, 0], [0, 2, 0, 2, 0, 1, 0, 1, 0, 2, 0], [0, 2, 0, 2, 0, 0, 0, 1, 0, 2, 0], [0, 2, 2, 2, 2, 2, 2, 1, 1, 2, 0], [0, 0, 0, 2, 0, 2, 0, 1, 0, 0, 0], [0, 2, 2, 2, 0, 2, 0, 1, 2, 2, 0], [0, 2, 0, 2, 2, 2, 2, 2, 0, 2, 0], [0, 2, 0, 0, 0, 2, 0, 0, 0, 2, 0], [0, 3, 2, 2, 2, 2, 2, 2, 2, 2, 0], [0, 0, 0, 0, 0, 0, 0, 0, 0, 0, 0]]"
2026-05-28T19:11:42.151144,0,West,291.0,False,False,False,"[[0, 0, 0, 0, 0, 0, 0, 0, 0, 0, 0], [0, 2, 2, 2, 2, 1, 1, 1, 1, 1, 0], [0, 2, 0, 0, 0, 1, 0, 0, 0, 1, 0], [0, 2, 0, 1, 1, 1, 2, 1, 0, 1, 0], [0, 2, 2, 1, 0, 2, 0, 1, 1, 1, 0], [0, 0, 0, 1, 0, 2, 0, 1, 0, 0, 0], [0, 1, 1, 4, 1, 1, 1, 1, 2, 2, 0], [0, 1, 0, 1, 0, 0, 0, 1, 0, 2, 0], [0, 1, 0, 5, 0, 1, 0, 1, 0, 2, 0], [0, 1, 0, 2, 0, 4, 1, 1, 0, 2, 0], [0, 2, 0, 2, 0, 1, 1, 1, 0, 2, 0], [0, 2, 0, 2, 0, 1, 0, 1, 0, 2, 0], [0, 2, 0, 2, 0, 0, 0, 1, 0, 2, 0], [0, 2, 2, 2, 2, 2, 2, 1, 1, 2, 0], [0, 0, 0, 2, 0, 2, 0, 1, 0, 0, 0], [0, 2, 2, 2, 0, 2, 0, 1, 2, 2, 0], [0, 2, 0, 2, 2, 2, 2, 2, 0, 2, 0], [0, 2, 0, 0, 0, 2, 0, 0, 0, 2, 0], [0, 3, 2, 2, 2, 2, 2, 2, 2, 2, 0], [0, 0, 0, 0, 0, 0, 0, 0, 0, 0, 0]]"
