timestamp,agent_index,action,score,is_win,is_lose,game_over,map_matrix
2026-05-29T19:10:49.891970,0,West,0.0,False,False,False,"[[0, 0, 0, 0, 0, 0, 0, 0, 0, 0, 0], [0, 2, 2, 2, 2, 2, 2, 2, 2, 3, 0], [0, 2, 0, 0, 0, 2, 0, 0, 0, 2, 0], [0, 2, 0, 2, 2, 2, 2, 2, 0, 2, 0], [0, 2, 2, 2, 0, 2, 0, 2, 2, 2, 0], [0, 0, 0, 2, 0, 2, 0, 2, 0, 0, 0], [0, 2, 2, 2, 2, 2, 2, 2, 2, 2, 0], [0, 2, 0, 2, 0, 0, 0, 2, 0, 2, 0], [0, 2, 0, 2, 0, 4, 0, 2, 0, 2, 0], [0, 5, 0, 2, 0, 1, 1, 2, 0, 2, 0], [0, 2, 0, 2, 0, 1, 1, 2, 0, 2, 0], [0, 2, 0, 2, 0, 4, 0, 2, 0, 2, 0], [0, 2, 0, 2, 0, 0, 0, 2, 0, 2, 0], [0, 2, 2, 2, 2, 2, 2, 2, 2, 2, 0], [0, 0, 0, 2, 0, 2, 0, 2, 0, 0, 0], [0, 2, 2, 2, 0, 2, 0, 2, 2, 2, 0], [0, 2, 0, 2, 2, 2, 2, 2, 0, 2, 0], [0, 2, 0, 0, 0, 2, 0, 0, 0, 2, 0], [0, 3, 2, 2, 2, 2, 2, 2, 2, 2, 0], [0, 0, 0, 0, 0, 0, 0, 0, 0, 0, 0]]"
2026-05-29T19:10:49.895745,0,West,9.0,False,False,False,"[[0, 0, 0, 0, 0, 0, 0, 0, 0, 0, 0], [0, 2, 2, 2, 2, 2, 2, 2, 2, 3, 0], [0, 2, 0, 0, 0, 2, 0, 0, 0, 2, 0], [0, 2, 0, 2, 2, 2, 2, 2, 0, 2, 0], [0, 2, 2, 2, 0, 2, 0, 2, 2, 2, 0], [0, 0, 0, 2, 0, 2, 0, 2, 0, 0, 0], [0, 2, 2, 2, 2, 2, 2, 2, 2, 2, 0], [0, 2, 0, 2, 0, 0, 0, 2, 0, 2, 0], [0, 5, 0, 2, 0, 1, 0, 2, 0, 2, 0], [0, 1, 0, 2, 0, 4, 1, 2, 0, 2, 0], [0, 2, 0, 2, 0, 4, 1, 2, 0, 2, 0], [0, 2, 0, 2, 0, 1, 0, 2, 0, 2, 0], [0, 2, 0, 2, 0, 0, 0, 2, 0, 2, 0], [0, 2, 2, 2, 2, 2, 2, 2, 2, 2, 0], [0, 0, 0, 2, 0, 2, 0, 2, 0, 0, 0], [0, 2, 2, 2, 0, 2, 0, 2, 2, 2, 0], [0, 2, 0, 2, 2, 2, 2, 2, 0, 2, 0], [0, 2, 0, 0, 0, 2, 0, 0, 0, 2, 0], [0, 3, 2, 2, 2, 2, 2, 2, 2, 2, 0], [0, 0, 0, 0, 0, 0, 0, 0, 0, 0, 0]]"
2026-05-29T19:10:49.899560,0,West,18.0,False,False,False,"[[0, 0, 0, 0, 0, 0, 0, 0, 0, 0, 0], [0, 2, 2, 2, 2, 2, 2, 2, 2, 3, 0], [0, 2, 0, 0, 0, 2, 0, 0, 0, 2, 0], [0, 2, 0, 2, 2, 2, 2, 2, 0, 2, 0], [0, 2, 2, 2, 0, 2, 0, 2, 2, 2, 0], [0, 0, 0, 2, 0, 2, 0, 2, 0, 0, 0], [0, 2, 2, 2, 2, 2, 2, 2, 2, 2, 0], [0, 5, 0, 2, 0, 0, 0, 2, 0, 2, 0], [0, 1, 0, 2, 0, 1, 0, 2, 0, 2, 0], [0, 1, 0, 2, 0, 4, 4, 2, 0, 2, 0], [0, 2, 0, 2, 0, 1, 1, 2, 0, 2, 0], [0, 2, 0, 2, 0, 1, 0, 2, 0, 2, 0], [0, 2, 0, 2, 0, 0, 0, 2, 0, 2, 0], [0, 2, 2, 2, 2, 2, 2, 2, 2, 2, 0], [0, 0, 0, 2, 0, 2, 0, 2, 0, 0, 0], [0, 2, 2, 2, 0, 2, 0, 2, 2, 2, 0], [0, 2, 0, 2, 2, 2, 2, 2, 0, 2, 0], [0, 2, 0, 0, 0, 2, 0, 0, 0, 2, 0], [0, 3, 2, 2, 2, 2, 2, 2, 2, 2, 0], [0, 0, 0, 0, 0, 0, 0, 0, 0, 0, 0]]"
2026-05-29T19:10:49.903086,0,North,27.0,False,False,False,"[[0, 0, 0, 0, 0, 0, 0, 0, 0, 0, 0], [0, 2, 2, 2, 2, 2, 2, 2, 2, 3, 0], [0, 2, 0, 0, 0, 2, 0, 0, 0, 2, 0], [0, 2, 0, 2, 2, 2, 2, 2, 0, 2, 0], [0, 2, 2, 2, 0, 2, 0, 2, 2, 2, 0], [0, 0, 0, 2, 0, 2, 0, 2, 0, 0, 0], [0, 5, 2, 2, 2, 2, 2, 2, 2, 2, 0], [0, 1, 0, 2, 0, 0, 0, 2, 0, 2, 0], [0, 1, 0, 2, 0, 1, 0, 2, 0, 2, 0], [0, 1, 0, 2, 0, 1, 4, 2, 0, 2, 0], [0, 2, 0, 2, 0, 1, 4, 2, 0, 2, 0], [0, 2, 0, 2, 0, 1, 0, 2, 0, 2, 0], [0, 2, 0, 2, 0, 0, 0, 2, 0, 2, 0], [0, 2, 2, 2, 2, 2, 2, 2, 2, 2, 0], [0, 0, 0, 2, 0, 2, 0, 2, 0, 0, 0], [0, 2, 2, 2, 0, 2, 0, 2, 2, 2, 0], [0, 2, 0, 2, 2, 2, 2, 2, 0, 2, 0], [0, 2, 0, 0, 0, 2, 0, 0, 0, 2, 0], [0, 3, 2, 2, 2, 2, 2, 2, 2, 2, 0], [0, 0, 0, 0, 0, 0, 0, 0, 0, 0, 0]]"
2026-05-29T19:10:49.906948,0,North,36.0,False,False,False,"[[0, 0, 0, 0, 0, 0, 0, 0, 0, 0, 0], [0, 2, 2, 2, 2, 2, 2, 2, 2, 3, 0], [0, 2, 0, 0, 0, 2, 0, 0, 0, 2, 0], [0, 2, 0, 2, 2, 2, 2, 2, 0, 2, 0], [0, 2, 2, 2, 0, 2, 0, 2, 2, 2, 0], [0, 0, 0, 2, 0, 2, 0, 2, 0, 0, 0], [0, 1, 5, 2, 2, 2, 2, 2, 2, 2, 0], [0, 1, 0, 2, 0, 0, 0, 2, 0, 2, 0], [0, 1, 0, 2, 0, 1, 0, 2, 0, 2, 0], [0, 1, 0, 2, 0, 1, 1, 2, 0, 2, 0], [0, 2, 0, 2, 0, 4, 4, 2, 0, 2, 0], [0, 2, 0, 2, 0, 1, 0, 2, 0, 2, 0], [0, 2, 0, 2, 0, 0, 0, 2, 0, 2, 0], [0, 2, 2, 2, 2, 2, 2, 2, 2, 2, 0], [0, 0, 0, 2, 0, 2, 0, 2, 0, 0, 0], [0, 2, 2, 2, 0, 2, 0, 2, 2, 2, 0], [0, 2, 0, 2, 2, 2, 2, 2, 0, 2, 0], [0, 2, 0, 0, 0, 2, 0, 0, 0, 2, 0], [0, 3, 2, 2, 2, 2, 2, 2, 2, 2, 0], [0, 0, 0, 0, 0, 0, 0, 0, 0, 0, 0]]"
2026-05-29T19:10:49.911448,0,West,45.0,False,False,False,"[[0, 0, 0, 0, 0, 0, 0, 0, 0, 0, 0], [0, 2, 2, 2, 2, 2, 2, 2, 2, 3, 0], [0, 2, 0, 0, 0, 2, 0, 0, 0, 2, 0], [0, 2, 0, 2, 2, 2, 2, 2, 0, 2, 0], [0, 2, 2, 2, 0, 2, 0, 2, 2, 2, 0], [0, 0, 0, 2, 0, 2, 0, 2, 0, 0, 0], [0, 1, 1, 5, 2, 2, 2, 2, 2, 2, 0], [0, 1, 0, 2, 0, 0, 0, 2, 0, 2, 0], [0, 1, 0, 2, 0, 1, 0, 2, 0, 2, 0], [0, 1, 0, 2, 0, 1, 1, 2, 0, 2, 0], [0, 2, 0, 2, 0, 4, 1, 2, 0, 2, 0], [0, 2, 0, 2, 0, 4, 0, 2, 0, 2, 0], [0, 2, 0, 2, 0, 0, 0, 2, 0, 2, 0], [0, 2, 2, 2, 2, 2, 2, 2, 2, 2, 0], [0, 0, 0, 2, 0, 2, 0, 2, 0, 0, 0], [0, 2, 2, 2, 0, 2, 0, 2, 2, 2, 0], [0, 2, 0, 2, 2, 2, 2, 2, 0, 2, 0], [0, 2, 0, 0, 0, 2, 0, 0, 0, 2, 0], [0, 3, 2, 2, 2, 2, 2, 2, 2, 2, 0], [0, 0, 0, 0, 0, 0, 0, 0, 0, 0, 0]]"
2026-05-29T19:10:49.915236,0,West,54.0,False,False,False,"[[0, 0, 0, 0, 0, 0, 0, 0, 0, 0, 0], [0, 2, 2, 2, 2, 2, 2, 2, 2, 3, 0], [0, 2, 0, 0, 0, 2, 0, 0, 0, 2, 0], [0, 2, 0, 2, 2, 2, 2, 2, 0, 2, 0], [0, 2, 2, 2, 0, 2, 0, 2, 2, 2, 0], [0, 0, 0, 5, 0, 2, 0, 2, 0, 0, 0], [0, 1, 1, 1, 2, 2, 2, 2, 2, 2, 0], [0, 1, 0, 2, 0, 0, 0, 2, 0, 2, 0], [0, 1, 0, 2, 0, 1, 0, 2, 0, 2, 0], [0, 1, 0, 2, 0, 1, 1, 2, 0, 2, 0], [0, 2, 0, 2, 0, 4, 1, 2, 0, 2, 0], [0, 2, 0, 2, 0, 4, 0, 2, 0, 2, 0], [0, 2, 0, 2, 0, 0, 0, 2, 0, 2, 0], [0, 2, 2, 2, 2, 2, 2, 2, 2, 2, 0], [0, 0, 0, 2, 0, 2, 0, 2, 0, 0, 0], [0, 2, 2, 2, 0, 2, 0, 2, 2, 2, 0], [0, 2, 0, 2, 2, 2, 2, 2, 0, 2, 0], [0, 2, 0, 0, 0, 2, 0, 0, 0, 2, 0], [0, 3, 2, 2, 2, 2, 2, 2, 2, 2, 0], [0, 0, 0, 0, 0, 0, 0, 0, 0, 0, 0]]"
2026-05-29T19:10:49.919902,0,West,63.0,False,False,False,"[[0, 0, 0, 0, 0, 0, 0, 0, 0, 0, 0], [0, 2, 2, 2, 2, 2, 2, 2, 2, 3, 0], [0, 2, 0, 0, 0, 2, 0, 0, 0, 2, 0], [0, 2, 0, 2, 2, 2, 2, 2, 0, 2, 0], [0, 2, 2, 5, 0, 2, 0, 2, 2, 2, 0], [0, 0, 0, 1, 0, 2, 0, 2, 0, 0, 0], [0, 1, 1, 1, 2, 2, 2, 2, 2, 2, 0], [0, 1, 0, 2, 0, 0, 0, 2, 0, 2, 0], [0, 1, 0, 2, 0, 1, 0, 2, 0, 2, 0], [0, 1, 0, 2, 0, 4, 1, 2, 0, 2, 0], [0, 2, 0, 2, 0, 4, 1, 2, 0, 2, 0], [0, 2, 0, 2, 0, 1, 0, 2, 0, 2, 0], [0, 2, 0, 2, 0, 0, 0, 2, 0, 2, 0], [0, 2, 2, 2, 2, 2, 2, 2, 2, 2, 0], [0, 0, 0, 2, 0, 2, 0, 2, 0, 0, 0], [0, 2, 2, 2, 0, 2, 0, 2, 2, 2, 0], [0, 2, 0, 2, 2, 2, 2, 2, 0, 2, 0], [0, 2, 0, 0, 0, 2, 0, 0, 0, 2, 0], [0, 3, 2, 2, 2, 2, 2, 2, 2, 2, 0], [0, 0, 0, 0, 0, 0, 0, 0, 0, 0, 0]]"
2026-05-29T19:10:49.923456,0,North,72.0,False,False,False,"[[0, 0, 0, 0, 0, 0, 0, 0, 0, 0, 0], [0, 2, 2, 2, 2, 2, 2, 2, 2, 3, 0], [0, 2, 0, 0, 0, 2, 0, 0, 0, 2, 0], [0, 2, 0, 5, 2, 2, 2, 2, 0, 2, 0], [0, 2, 2, 1, 0, 2, 0, 2, 2, 2, 0], [0, 0, 0, 1, 0, 2, 0, 2, 0, 0, 0], [0, 1, 1, 1, 2, 2, 2, 2, 2, 2, 0], [0, 1, 0, 2, 0, 0, 0, 2, 0, 2, 0], [0, 1, 0, 2, 0, 4, 0, 2, 0, 2, 0], [0, 1, 0, 2, 0, 4, 1, 2, 0, 2, 0], [0, 2, 0, 2, 0, 1, 1, 2, 0, 2, 0], [0, 2, 0, 2, 0, 1, 0, 2, 0, 2, 0], [0, 2, 0, 2, 0, 0, 0, 2, 0, 2, 0], [0, 2, 2, 2, 2, 2, 2, 2, 2, 2, 0], [0, 0, 0, 2, 0, 2, 0, 2, 0, 0, 0], [0, 2, 2, 2, 0, 2, 0, 2, 2, 2, 0], [0, 2, 0, 2, 2, 2, 2, 2, 0, 2, 0], [0, 2, 0, 0, 0, 2, 0, 0, 0, 2, 0], [0, 3, 2, 2, 2, 2, 2, 2, 2, 2, 0], [0, 0, 0, 0, 0, 0, 0, 0, 0, 0, 0]]"
2026-05-29T19:10:49.927212,0,North,81.0,False,False,False,"[[0, 0, 0, 0, 0, 0, 0, 0, 0, 0, 0], [0, 2, 2, 2, 2, 2, 2, 2, 2, 3, 0], [0, 2, 0, 0, 0, 2, 0, 0, 0, 2, 0], [0, 2, 0, 1, 5, 2, 2, 2, 0, 2, 0], [0, 2, 2, 1, 0, 2, 0, 2, 2, 2, 0], [0, 0, 0, 1, 0, 2, 0, 2, 0, 0, 0], [0, 1, 1, 1, 2, 2, 2, 2, 2, 2, 0], [0, 1, 0, 2, 0, 0, 0, 2, 0, 2, 0], [0, 1, 0, 2, 0, 4, 0, 2, 0, 2, 0], [0, 1, 0, 2, 0, 4, 1, 2, 0, 2, 0], [0, 2, 0, 2, 0, 1, 1, 2, 0, 2, 0], [0, 2, 0, 2, 0, 1, 0, 2, 0, 2, 0], [0, 2, 0, 2, 0, 0, 0, 2, 0, 2, 0], [0, 2, 2, 2, 2, 2, 2, 2, 2, 2, 0], [0, 0, 0, 2, 0, 2, 0, 2, 0, 0, 0], [0, 2, 2, 2, 0, 2, 0, 2, 2, 2, 0], [0, 2, 0, 2, 2, 2, 2, 2, 0, 2, 0], [0, 2, 0, 0, 0, 2, 0, 0, 0, 2, 0], [0, 3, 2, 2, 2, 2, 2, 2, 2, 2, 0], [0, 0, 0, 0, 0, 0, 0, 0, 0, 0, 0]]"
2026-05-29T19:10:49.932134,0,West,90.0,False,False,False,"[[0, 0, 0, 0, 0, 0, 0, 0, 0, 0, 0], [0, 2, 2, 2, 2, 2, 2, 2, 2, 3, 0], [0, 2, 0, 0, 0, 2, 0, 0, 0, 2, 0], [0, 2, 0, 1, 1, 5, 2, 2, 0, 2, 0], [0, 2, 2, 1, 0, 2, 0, 2, 2, 2, 0], [0, 0, 0, 1, 0, 2, 0, 2, 0, 0, 0], [0, 1, 1, 1, 2, 2, 2, 2, 2, 2, 0], [0, 1, 0, 2, 0, 0, 0, 2, 0, 2, 0], [0, 1, 0, 2, 0, 1, 0, 2, 0, 2, 0], [0, 1, 0, 2, 0, 4, 4, 2, 0, 2, 0], [0, 2, 0, 2, 0, 1, 1, 2, 0, 2, 0], [0, 2, 0, 2, 0, 1, 0, 2, 0, 2, 0], [0, 2, 0, 2, 0, 0, 0, 2, 0, 2, 0], [0, 2, 2, 2, 2, 2, 2, 2, 2, 2, 0], [0, 0, 0, 2, 0, 2, 0, 2, 0, 0, 0], [0, 2, 2, 2, 0, 2, 0, 2, 2, 2, 0], [0, 2, 0, 2, 2, 2, 2, 2, 0, 2, 0], [0, 2, 0, 0, 0, 2, 0, 0, 0, 2, 0], [0, 3, 2, 2, 2, 2, 2, 2, 2, 2, 0], [0, 0, 0, 0, 0, 0, 0, 0, 0, 0, 0]]"
2026-05-29T19:10:49.935806,0,West,99.0,False,False,False,"[[0, 0, 0, 0, 0, 0, 0, 0, 0, 0, 0], [0, 2, 2, 2, 2, 2, 2, 2, 2, 3, 0], [0, 2, 0, 0, 0, 5, 0, 0, 0, 2, 0], [0, 2, 0, 1, 1, 1, 2, 2, 0, 2, 0], [0, 2, 2, 1, 0, 2, 0, 2, 2, 2, 0], [0, 0, 0, 1, 0, 2, 0, 2, 0, 0, 0], [0, 1, 1, 1, 2, 2, 2, 2, 2, 2, 0], [0, 1, 0, 2, 0, 0, 0, 2, 0, 2, 0], [0, 1, 0, 2, 0, 1, 0, 2, 0, 2, 0], [0, 1, 0, 2, 0, 1, 4, 2, 0, 2, 0], [0, 2, 0, 2, 0, 1, 4, 2, 0, 2, 0], [0, 2, 0, 2, 0, 1, 0, 2, 0, 2, 0], [0, 2, 0, 2, 0, 0, 0, 2, 0, 2, 0], [0, 2, 2, 2, 2, 2, 2, 2, 2, 2, 0], [0, 0, 0, 2, 0, 2, 0, 2, 0, 0, 0], [0, 2, 2, 2, 0, 2, 0, 2, 2, 2, 0], [0, 2, 0, 2, 2, 2, 2, 2, 0, 2, 0], [0, 2, 0, 0, 0, 2, 0, 0, 0, 2, 0], [0, 3, 2, 2, 2, 2, 2, 2, 2, 2, 0], [0, 0, 0, 0, 0, 0, 0, 0, 0, 0, 0]]"
2026-05-29T19:10:49.940579,0,North,108.0,False,False,False,"[[0, 0, 0, 0, 0, 0, 0, 0, 0, 0, 0], [0, 2, 2, 2, 2, 5, 2, 2, 2, 3, 0], [0, 2, 0, 0, 0, 1, 0, 0, 0, 2, 0], [0, 2, 0, 1, 1, 1, 2, 2, 0, 2, 0], [0, 2, 2, 1, 0, 2, 0, 2, 2, 2, 0], [0, 0, 0, 1, 0, 2, 0, 2, 0, 0, 0], [0, 1, 1, 1, 2, 2, 2, 2, 2, 2, 0], [0, 1, 0, 2, 0, 0, 0, 2, 0, 2, 0], [0, 1, 0, 2, 0, 1, 0, 2, 0, 2, 0], [0, 1, 0, 2, 0, 1, 1, 2, 0, 2, 0], [0, 2, 0, 2, 0, 4, 4, 2, 0, 2, 0], [0, 2, 0, 2, 0, 1, 0, 2, 0, 2, 0], [0, 2, 0, 2, 0, 0, 0, 2, 0, 2, 0], [0, 2, 2, 2, 2, 2, 2, 2, 2, 2, 0], [0, 0, 0, 2, 0, 2, 0, 2, 0, 0, 0], [0, 2, 2, 2, 0, 2, 0, 2, 2, 2, 0], [0, 2, 0, 2, 2, 2, 2, 2, 0, 2, 0], [0, 2, 0, 0, 0, 2, 0, 0, 0, 2, 0], [0, 3, 2, 2, 2, 2, 2, 2, 2, 2, 0], [0, 0, 0, 0, 0, 0, 0, 0, 0, 0, 0]]"
2026-05-29T19:10:49.945062,0,North,117.0,False,False,False,"[[0, 0, 0, 0, 0, 0, 0, 0, 0, 0, 0], [0, 2, 2, 2, 2, 1, 5, 2, 2, 3, 0], [0, 2, 0, 0, 0, 1, 0, 0, 0, 2, 0], [0, 2, 0, 1, 1, 1, 2, 2, 0, 2, 0], [0, 2, 2, 1, 0, 2, 0, 2, 2, 2, 0], [0, 0, 0, 1, 0, 2, 0, 2, 0, 0, 0], [0, 1, 1, 1, 2, 2, 2, 2, 2, 2, 0], [0, 1, 0, 2, 0, 0, 0, 2, 0, 2, 0], [0, 1, 0, 2, 0, 1, 0, 2, 0, 2, 0], [0, 1, 0, 2, 0, 4, 1, 2, 0, 2, 0], [0, 2, 0, 2, 0, 1, 1, 4, 0, 2, 0], [0, 2, 0, 2, 0, 1, 0, 2, 0, 2, 0], [0, 2, 0, 2, 0, 0, 0, 2, 0, 2, 0], [0, 2, 2, 2, 2, 2, 2, 2, 2, 2, 0], [0, 0, 0, 2, 0, 2, 0, 2, 0, 0, 0], [0, 2, 2, 2, 0, 2, 0, 2, 2, 2, 0], [0, 2, 0, 2, 2, 2, 2, 2, 0, 2, 0], [0, 2, 0, 0, 0, 2, 0, 0, 0, 2, 0], [0, 3, 2, 2, 2, 2, 2, 2, 2, 2, 0], [0, 0, 0, 0, 0, 0, 0, 0, 0, 0, 0]]"
2026-05-29T19:10:49.948642,0,Stop,126.0,False,False,False,"[[0, 0, 0, 0, 0, 0, 0, 0, 0, 0, 0], [0, 2, 2, 2, 2, 1, 1, 5, 2, 3, 0], [0, 2, 0, 0, 0, 1, 0, 0, 0, 2, 0], [0, 2, 0, 1, 1, 1, 2, 2, 0, 2, 0], [0, 2, 2, 1, 0, 2, 0, 2, 2, 2, 0], [0, 0, 0, 1, 0, 2, 0, 2, 0, 0, 0], [0, 1, 1, 1, 2, 2, 2, 2, 2, 2, 0], [0, 1, 0, 2, 0, 0, 0, 2, 0, 2, 0], [0, 1, 0, 2, 0, 4, 0, 2, 0, 2, 0], [0, 1, 0, 2, 0, 1, 1, 4, 0, 2, 0], [0, 2, 0, 2, 0, 1, 1, 2, 0, 2, 0], [0, 2, 0, 2, 0, 1, 0, 2, 0, 2, 0], [0, 2, 0, 2, 0, 0, 0, 2, 0, 2, 0], [0, 2, 2, 2, 2, 2, 2, 2, 2, 2, 0], [0, 0, 0, 2, 0, 2, 0, 2, 0, 0, 0], [0, 2, 2, 2, 0, 2, 0, 2, 2, 2, 0], [0, 2, 0, 2, 2, 2, 2, 2, 0, 2, 0], [0, 2, 0, 0, 0, 2, 0, 0, 0, 2, 0], [0, 3, 2, 2, 2, 2, 2, 2, 2, 2, 0], [0, 0, 0, 0, 0, 0, 0, 0, 0, 0, 0]]"
2026-05-29T19:10:49.952168,0,Stop,125.0,False,False,False,"[[0, 0, 0, 0, 0, 0, 0, 0, 0, 0, 0], [0, 2, 2, 2, 2, 1, 1, 5, 2, 3, 0], [0, 2, 0, 0, 0, 1, 0, 0, 0, 2, 0], [0, 2, 0, 1, 1, 1, 2, 2, 0, 2, 0], [0, 2, 2, 1, 0, 2, 0, 2, 2, 2, 0], [0, 0, 0, 1, 0, 2, 0, 2, 0, 0, 0], [0, 1, 1, 1, 2, 2, 2, 2, 2, 2, 0], [0, 1, 0, 2, 0, 0, 0, 2, 0, 2, 0], [0, 1, 0, 2, 0, 1, 0, 4, 0, 2, 0], [0, 1, 0, 2, 0, 4, 1, 2, 0, 2, 0], [0, 2, 0, 2, 0, 1, 1, 2, 0, 2, 0], [0, 2, 0, 2, 0, 1, 0, 2, 0, 2, 0], [0, 2, 0, 2, 0, 0, 0, 2, 0, 2, 0], [0, 2, 2, 2, 2, 2, 2, 2, 2, 2, 0], [0, 0, 0, 2, 0, 2, 0, 2, 0, 0, 0], [0, 2, 2, 2, 0, 2, 0, 2, 2, 2, 0], [0, 2, 0, 2, 2, 2, 2, 2, 0, 2, 0], [0, 2, 0, 0, 0, 2, 0, 0, 0, 2, 0], [0, 3, 2, 2, 2, 2, 2, 2, 2, 2, 0], [0, 0, 0, 0, 0, 0, 0, 0, 0, 0, 0]]"
2026-05-29T19:10:49.956013,0,Stop,124.0,False,False,False,"[[0, 0, 0, 0, 0, 0, 0, 0, 0, 0, 0], [0, 2, 2, 2, 2, 1, 1, 5, 2, 3, 0], [0, 2, 0, 0, 0, 1, 0, 0, 0, 2, 0], [0, 2, 0, 1, 1, 1, 2, 2, 0, 2, 0], [0, 2, 2, 1, 0, 2, 0, 2, 2, 2, 0], [0, 0, 0, 1, 0, 2, 0, 2, 0, 0, 0], [0, 1, 1, 1, 2, 2, 2, 2, 2, 2, 0], [0, 1, 0, 2, 0, 0, 0, 4, 0, 2, 0], [0, 1, 0, 2, 0, 1, 0, 2, 0, 2, 0], [0, 1, 0, 2, 0, 1, 4, 2, 0, 2, 0], [0, 2, 0, 2, 0, 1, 1, 2, 0, 2, 0], [0, 2, 0, 2, 0, 1, 0, 2, 0, 2, 0], [0, 2, 0, 2, 0, 0, 0, 2, 0, 2, 0], [0, 2, 2, 2, 2, 2, 2, 2, 2, 2, 0], [0, 0, 0, 2, 0, 2, 0, 2, 0, 0, 0], [0, 2, 2, 2, 0, 2, 0, 2, 2, 2, 0], [0, 2, 0, 2, 2, 2, 2, 2, 0, 2, 0], [0, 2, 0, 0, 0, 2, 0, 0, 0, 2, 0], [0, 3, 2, 2, 2, 2, 2, 2, 2, 2, 0], [0, 0, 0, 0, 0, 0, 0, 0, 0, 0, 0]]"
2026-05-29T19:10:49.959725,0,Stop,123.0,False,False,False,"[[0, 0, 0, 0, 0, 0, 0, 0, 0, 0, 0], [0, 2, 2, 2, 2, 1, 1, 5, 2, 3, 0], [0, 2, 0, 0, 0, 1, 0, 0, 0, 2, 0], [0, 2, 0, 1, 1, 1, 2, 2, 0, 2, 0], [0, 2, 2, 1, 0, 2, 0, 2, 2, 2, 0], [0, 0, 0, 1, 0, 2, 0, 2, 0, 0, 0], [0, 1, 1, 1, 2, 2, 2, 4, 2, 2, 0], [0, 1, 0, 2, 0, 0, 0, 2, 0, 2, 0], [0, 1, 0, 2, 0, 1, 0, 2, 0, 2, 0], [0, 1, 0, 2, 0, 1, 1, 4, 0, 2, 0], [0, 2, 0, 2, 0, 1, 1, 2, 0, 2, 0], [0, 2, 0, 2, 0, 1, 0, 2, 0, 2, 0], [0, 2, 0, 2, 0, 0, 0, 2, 0, 2, 0], [0, 2, 2, 2, 2, 2, 2, 2, 2, 2, 0], [0, 0, 0, 2, 0, 2, 0, 2, 0, 0, 0], [0, 2, 2, 2, 0, 2, 0, 2, 2, 2, 0], [0, 2, 0, 2, 2, 2, 2, 2, 0, 2, 0], [0, 2, 0, 0, 0, 2, 0, 0, 0, 2, 0], [0, 3, 2, 2, 2, 2, 2, 2, 2, 2, 0], [0, 0, 0, 0, 0, 0, 0, 0, 0, 0, 0]]"
2026-05-29T19:10:49.963733,0,Stop,122.0,False,False,False,"[[0, 0, 0, 0, 0, 0, 0, 0, 0, 0, 0], [0, 2, 2, 2, 2, 1, 1, 5, 2, 3, 0], [0, 2, 0, 0, 0, 1, 0, 0, 0, 2, 0], [0, 2, 0, 1, 1, 1, 2, 2, 0, 2, 0], [0, 2, 2, 1, 0, 2, 0, 2, 2, 2, 0], [0, 0, 0, 1, 0, 2, 0, 4, 0, 0, 0], [0, 1, 1, 1, 2, 2, 2, 2, 2, 2, 0], [0, 1, 0, 2, 0, 0, 0, 2, 0, 2, 0], [0, 1, 0, 2, 0, 1, 0, 4, 0, 2, 0], [0, 1, 0, 2, 0, 1, 1, 2, 0, 2, 0], [0, 2, 0, 2, 0, 1, 1, 2, 0, 2, 0], [0, 2, 0, 2, 0, 1, 0, 2, 0, 2, 0], [0, 2, 0, 2, 0, 0, 0, 2, 0, 2, 0], [0, 2, 2, 2, 2, 2, 2, 2, 2, 2, 0], [0, 0, 0, 2, 0, 2, 0, 2, 0, 0, 0], [0, 2, 2, 2, 0, 2, 0, 2, 2, 2, 0], [0, 2, 0, 2, 2, 2, 2, 2, 0, 2, 0], [0, 2, 0, 0, 0, 2, 0, 0, 0, 2, 0], [0, 3, 2, 2, 2, 2, 2, 2, 2, 2, 0], [0, 0, 0, 0, 0, 0, 0, 0, 0, 0, 0]]"
2026-05-29T19:10:49.968962,0,Stop,121.0,False,False,False,"[[0, 0, 0, 0, 0, 0, 0, 0, 0, 0, 0], [0, 2, 2, 2, 2, 1, 1, 5, 2, 3, 0], [0, 2, 0, 0, 0, 1, 0, 0, 0, 2, 0], [0, 2, 0, 1, 1, 1, 2, 2, 0, 2, 0], [0, 2, 2, 1, 0, 2, 0, 4, 2, 2, 0], [0, 0, 0, 1, 0, 2, 0, 2, 0, 0, 0], [0, 1, 1, 1, 2, 2, 2, 2, 2, 2, 0], [0, 1, 0, 2, 0, 0, 0, 4, 0, 2, 0], [0, 1, 0, 2, 0, 1, 0, 2, 0, 2, 0], [0, 1, 0, 2, 0, 1, 1, 2, 0, 2, 0], [0, 2, 0, 2, 0, 1, 1, 2, 0, 2, 0], [0, 2, 0, 2, 0, 1, 0, 2, 0, 2, 0], [0, 2, 0, 2, 0, 0, 0, 2, 0, 2, 0], [0, 2, 2, 2, 2, 2, 2, 2, 2, 2, 0], [0, 0, 0, 2, 0, 2, 0, 2, 0, 0, 0], [0, 2, 2, 2, 0, 2, 0, 2, 2, 2, 0], [0, 2, 0, 2, 2, 2, 2, 2, 0, 2, 0], [0, 2, 0, 0, 0, 2, 0, 0, 0, 2, 0], [0, 3, 2, 2, 2, 2, 2, 2, 2, 2, 0], [0, 0, 0, 0, 0, 0, 0, 0, 0, 0, 0]]"
2026-05-29T19:10:49.972509,0,North,120.0,False,False,False,"[[0, 0, 0, 0, 0, 0, 0, 0, 0, 0, 0], [0, 2, 2, 2, 2, 1, 1, 5, 2, 3, 0], [0, 2, 0, 0, 0, 1, 0, 0, 0, 2, 0], [0, 2, 0, 1, 1, 1, 2, 4, 0, 2, 0], [0, 2, 2, 1, 0, 2, 0, 2, 2, 2, 0], [0, 0, 0, 1, 0, 2, 0, 2, 0, 0, 0], [0, 1, 1, 1, 2, 2, 2, 4, 2, 2, 0], [0, 1, 0, 2, 0, 0, 0, 2, 0, 2, 0], [0, 1, 0, 2, 0, 1, 0, 2, 0, 2, 0], [0, 1, 0, 2, 0, 1, 1, 2, 0, 2, 0], [0, 2, 0, 2, 0, 1, 1, 2, 0, 2, 0], [0, 2, 0, 2, 0, 1, 0, 2, 0, 2, 0], [0, 2, 0, 2, 0, 0, 0, 2, 0, 2, 0], [0, 2, 2, 2, 2, 2, 2, 2, 2, 2, 0], [0, 0, 0, 2, 0, 2, 0, 2, 0, 0, 0], [0, 2, 2, 2, 0, 2, 0, 2, 2, 2, 0], [0, 2, 0, 2, 2, 2, 2, 2, 0, 2, 0], [0, 2, 0, 0, 0, 2, 0, 0, 0, 2, 0], [0, 3, 2, 2, 2, 2, 2, 2, 2, 2, 0], [0, 0, 0, 0, 0, 0, 0, 0, 0, 0, 0]]"
2026-05-29T19:10:49.976023,0,Stop,129.0,False,False,False,"[[0, 0, 0, 0, 0, 0, 0, 0, 0, 0, 0], [0, 2, 2, 2, 2, 1, 1, 1, 5, 3, 0], [0, 2, 0, 0, 0, 1, 0, 0, 0, 2, 0], [0, 2, 0, 1, 1, 1, 4, 2, 0, 2, 0], [0, 2, 2, 1, 0, 2, 0, 2, 2, 2, 0], [0, 0, 0, 1, 0, 2, 0, 4, 0, 0, 0], [0, 1, 1, 1, 2, 2, 2, 2, 2, 2, 0], [0, 1, 0, 2, 0, 0, 0, 2, 0, 2, 0], [0, 1, 0, 2, 0, 1, 0, 2, 0, 2, 0], [0, 1, 0, 2, 0, 1, 1, 2, 0, 2, 0], [0, 2, 0, 2, 0, 1, 1, 2, 0, 2, 0], [0, 2, 0, 2, 0, 1, 0, 2, 0, 2, 0], [0, 2, 0, 2, 0, 0, 0, 2, 0, 2, 0], [0, 2, 2, 2, 2, 2, 2, 2, 2, 2, 0], [0, 0, 0, 2, 0, 2, 0, 2, 0, 0, 0], [0, 2, 2, 2, 0, 2, 0, 2, 2, 2, 0], [0, 2, 0, 2, 2, 2, 2, 2, 0, 2, 0], [0, 2, 0, 0, 0, 2, 0, 0, 0, 2, 0], [0, 3, 2, 2, 2, 2, 2, 2, 2, 2, 0], [0, 0, 0, 0, 0, 0, 0, 0, 0, 0, 0]]"
2026-05-29T19:10:49.979170,0,North,128.0,False,False,False,"[[0, 0, 0, 0, 0, 0, 0, 0, 0, 0, 0], [0, 2, 2, 2, 2, 1, 1, 1, 5, 3, 0], [0, 2, 0, 0, 0, 1, 0, 0, 0, 2, 0], [0, 2, 0, 1, 1, 4, 2, 2, 0, 2, 0], [0, 2, 2, 1, 0, 2, 0, 4, 2, 2, 0], [0, 0, 0, 1, 0, 2, 0, 2, 0, 0, 0], [0, 1, 1, 1, 2, 2, 2, 2, 2, 2, 0], [0, 1, 0, 2, 0, 0, 0, 2, 0, 2, 0], [0, 1, 0, 2, 0, 1, 0, 2, 0, 2, 0], [0, 1, 0, 2, 0, 1, 1, 2, 0, 2, 0], [0, 2, 0, 2, 0, 1, 1, 2, 0, 2, 0], [0, 2, 0, 2, 0, 1, 0, 2, 0, 2, 0], [0, 2, 0, 2, 0, 0, 0, 2, 0, 2, 0], [0, 2, 2, 2, 2, 2, 2, 2, 2, 2, 0], [0, 0, 0, 2, 0, 2, 0, 2, 0, 0, 0], [0, 2, 2, 2, 0, 2, 0, 2, 2, 2, 0], [0, 2, 0, 2, 2, 2, 2, 2, 0, 2, 0], [0, 2, 0, 0, 0, 2, 0, 0, 0, 2, 0], [0, 3, 2, 2, 2, 2, 2, 2, 2, 2, 0], [0, 0, 0, 0, 0, 0, 0, 0, 0, 0, 0]]"
2026-05-29T19:10:49.983051,0,East,127.0,False,False,False,"[[0, 0, 0, 0, 0, 0, 0, 0, 0, 0, 0], [0, 2, 2, 2, 2, 1, 1, 1, 1, 5, 0], [0, 2, 0, 0, 0, 1, 0, 0, 0, 2, 0], [0, 2, 0, 1, 4, 1, 2, 2, 0, 2, 0], [0, 2, 2, 1, 0, 2, 0, 4, 2, 2, 0], [0, 0, 0, 1, 0, 2, 0, 2, 0, 0, 0], [0, 1, 1, 1, 2, 2, 2, 2, 2, 2, 0], [0, 1, 0, 2, 0, 0, 0, 2, 0, 2, 0], [0, 1, 0, 2, 0, 1, 0, 2, 0, 2, 0], [0, 1, 0, 2, 0, 1, 1, 2, 0, 2, 0], [0, 2, 0, 2, 0, 1, 1, 2, 0, 2, 0], [0, 2, 0, 2, 0, 1, 0, 2, 0, 2, 0], [0, 2, 0, 2, 0, 0, 0, 2, 0, 2, 0], [0, 2, 2, 2, 2, 2, 2, 2, 2, 2, 0], [0, 0, 0, 2, 0, 2, 0, 2, 0, 0, 0], [0, 2, 2, 2, 0, 2, 0, 2, 2, 2, 0], [0, 2, 0, 2, 2, 2, 2, 2, 0, 2, 0], [0, 2, 0, 0, 0, 2, 0, 0, 0, 2, 0], [0, 3, 2, 2, 2, 2, 2, 2, 2, 2, 0], [0, 0, 0, 0, 0, 0, 0, 0, 0, 0, 0]]"
2026-05-29T19:10:49.986108,0,East,136.0,False,False,False,"[[0, 0, 0, 0, 0, 0, 0, 0, 0, 0, 0], [0, 2, 2, 2, 2, 1, 1, 1, 1, 1, 0], [0, 2, 0, 0, 0, 1, 0, 0, 0, 5, 0], [0, 2, 0, 1, 4, 1, 2, 2, 0, 2, 0], [0, 2, 2, 1, 0, 2, 0, 2, 4, 2, 0], [0, 0, 0, 1, 0, 2, 0, 2, 0, 0, 0], [0, 1, 1, 1, 2, 2, 2, 2, 2, 2, 0], [0, 1, 0, 2, 0, 0, 0, 2, 0, 2, 0], [0, 1, 0, 2, 0, 1, 0, 2, 0, 2, 0], [0, 1, 0, 2, 0, 1, 1, 2, 0, 2, 0], [0, 2, 0, 2, 0, 1, 1, 2, 0, 2, 0], [0, 2, 0, 2, 0, 1, 0, 2, 0, 2, 0], [0, 2, 0, 2, 0, 0, 0, 2, 0, 2, 0], [0, 2, 2, 2, 2, 2, 2, 2, 2, 2, 0], [0, 0, 0, 2, 0, 2, 0, 2, 0, 0, 0], [0, 2, 2, 2, 0, 2, 0, 2, 2, 2, 0], [0, 2, 0, 2, 2, 2, 2, 2, 0, 2, 0], [0, 2, 0, 0, 0, 2, 0, 0, 0, 2, 0], [0, 3, 2, 2, 2, 2, 2, 2, 2, 2, 0], [0, 0, 0, 0, 0, 0, 0, 0, 0, 0, 0]]"
2026-05-29T19:10:49.990249,0,East,145.0,False,False,False,"[[0, 0, 0, 0, 0, 0, 0, 0, 0, 0, 0], [0, 2, 2, 2, 2, 1, 1, 1, 1, 1, 0], [0, 2, 0, 0, 0, 1, 0, 0, 0, 1, 0], [0, 2, 0, 4, 1, 1, 2, 2, 0, 5, 0], [0, 2, 2, 1, 0, 2, 0, 2, 4, 2, 0], [0, 0, 0, 1, 0, 2, 0, 2, 0, 0, 0], [0, 1, 1, 1, 2, 2, 2, 2, 2, 2, 0], [0, 1, 0, 2, 0, 0, 0, 2, 0, 2, 0], [0, 1, 0, 2, 0, 1, 0, 2, 0, 2, 0], [0, 1, 0, 2, 0, 1, 1, 2, 0, 2, 0], [0, 2, 0, 2, 0, 1, 1, 2, 0, 2, 0], [0, 2, 0, 2, 0, 1, 0, 2, 0, 2, 0], [0, 2, 0, 2, 0, 0, 0, 2, 0, 2, 0], [0, 2, 2, 2, 2, 2, 2, 2, 2, 2, 0], [0, 0, 0, 2, 0, 2, 0, 2, 0, 0, 0], [0, 2, 2, 2, 0, 2, 0, 2, 2, 2, 0], [0, 2, 0, 2, 2, 2, 2, 2, 0, 2, 0], [0, 2, 0, 0, 0, 2, 0, 0, 0, 2, 0], [0, 3, 2, 2, 2, 2, 2, 2, 2, 2, 0], [0, 0, 0, 0, 0, 0, 0, 0, 0, 0, 0]]"
2026-05-29T19:10:49.995110,0,South,354.0,False,False,False,"[[0, 0, 0, 0, 0, 0, 0, 0, 0, 0, 0], [0, 2, 2, 2, 2, 1, 1, 1, 1, 1, 0], [0, 2, 0, 0, 0, 1, 0, 0, 0, 1, 0], [0, 2, 0, 4, 1, 1, 2, 2, 0, 1, 0], [0, 2, 2, 1, 0, 2, 0, 2, 2, 5, 0], [0, 0, 0, 1, 0, 2, 0, 2, 0, 0, 0], [0, 1, 1, 1, 2, 2, 2, 2, 2, 2, 0], [0, 1, 0, 2, 0, 0, 0, 2, 0, 2, 0], [0, 1, 0, 2, 0, 1, 0, 2, 0, 2, 0], [0, 1, 0, 2, 0, 4, 1, 2, 0, 2, 0], [0, 2, 0, 2, 0, 1, 1, 2, 0, 2, 0], [0, 2, 0, 2, 0, 1, 0, 2, 0, 2, 0], [0, 2, 0, 2, 0, 0, 0, 2, 0, 2, 0], [0, 2, 2, 2, 2, 2, 2, 2, 2, 2, 0], [0, 0, 0, 2, 0, 2, 0, 2, 0, 0, 0], [0, 2, 2, 2, 0, 2, 0, 2, 2, 2, 0], [0, 2, 0, 2, 2, 2, 2, 2, 0, 2, 0], [0, 2, 0, 0, 0, 2, 0, 0, 0, 2, 0], [0, 3, 2, 2, 2, 2, 2, 2, 2, 2, 0], [0, 0, 0, 0, 0, 0, 0, 0, 0, 0, 0]]"
2026-05-29T19:10:49.999793,0,South,363.0,False,False,False,"[[0, 0, 0, 0, 0, 0, 0, 0, 0, 0, 0], [0, 2, 2, 2, 2, 1, 1, 1, 1, 1, 0], [0, 2, 0, 0, 0, 1, 0, 0, 0, 1, 0], [0, 2, 0, 4, 1, 1, 2, 2, 0, 1, 0], [0, 2, 2, 1, 0, 2, 0, 2, 5, 1, 0], [0, 0, 0, 1, 0, 2, 0, 2, 0, 0, 0], [0, 1, 1, 1, 2, 2, 2, 2, 2, 2, 0], [0, 1, 0, 2, 0, 0, 0, 2, 0, 2, 0], [0, 1, 0, 2, 0, 1, 0, 2, 0, 2, 0], [0, 1, 0, 2, 0, 1, 4, 2, 0, 2, 0], [0, 2, 0, 2, 0, 1, 1, 2, 0, 2, 0], [0, 2, 0, 2, 0, 1, 0, 2, 0, 2, 0], [0, 2, 0, 2, 0, 0, 0, 2, 0, 2, 0], [0, 2, 2, 2, 2, 2, 2, 2, 2, 2, 0], [0, 0, 0, 2, 0, 2, 0, 2, 0, 0, 0], [0, 2, 2, 2, 0, 2, 0, 2, 2, 2, 0], [0, 2, 0, 2, 2, 2, 2, 2, 0, 2, 0], [0, 2, 0, 0, 0, 2, 0, 0, 0, 2, 0], [0, 3, 2, 2, 2, 2, 2, 2, 2, 2, 0], [0, 0, 0, 0, 0, 0, 0, 0, 0, 0, 0]]"
2026-05-29T19:10:50.004286,0,West,372.0,False,False,False,"[[0, 0, 0, 0, 0, 0, 0, 0, 0, 0, 0], [0, 2, 2, 2, 2, 1, 1, 1, 1, 1, 0], [0, 2, 0, 0, 0, 1, 0, 0, 0, 1, 0], [0, 2, 0, 1, 1, 1, 2, 2, 0, 1, 0], [0, 2, 2, 4, 0, 2, 0, 5, 1, 1, 0], [0, 0, 0, 1, 0, 2, 0, 2, 0, 0, 0], [0, 1, 1, 1, 2, 2, 2, 2, 2, 2, 0], [0, 1, 0, 2, 0, 0, 0, 2, 0, 2, 0], [0, 1, 0, 2, 0, 1, 0, 2, 0, 2, 0], [0, 1, 0, 2, 0, 1, 1, 4, 0, 2, 0], [0, 2, 0, 2, 0, 1, 1, 2, 0, 2, 0], [0, 2, 0, 2, 0, 1, 0, 2, 0, 2, 0], [0, 2, 0, 2, 0, 0, 0, 2, 0, 2, 0], [0, 2, 2, 2, 2, 2, 2, 2, 2, 2, 0], [0, 0, 0, 2, 0, 2, 0, 2, 0, 0, 0], [0, 2, 2, 2, 0, 2, 0, 2, 2, 2, 0], [0, 2, 0, 2, 2, 2, 2, 2, 0, 2, 0], [0, 2, 0, 0, 0, 2, 0, 0, 0, 2, 0], [0, 3, 2, 2, 2, 2, 2, 2, 2, 2, 0], [0, 0, 0, 0, 0, 0, 0, 0, 0, 0, 0]]"
2026-05-29T19:10:50.007726,0,Stop,381.0,False,False,False,"[[0, 0, 0, 0, 0, 0, 0, 0, 0, 0, 0], [0, 2, 2, 2, 2, 1, 1, 1, 1, 1, 0], [0, 2, 0, 0, 0, 1, 0, 0, 0, 1, 0], [0, 2, 0, 1, 1, 1, 2, 5, 0, 1, 0], [0, 2, 4, 1, 0, 2, 0, 1, 1, 1, 0], [0, 0, 0, 1, 0, 2, 0, 2, 0, 0, 0], [0, 1, 1, 1, 2, 2, 2, 2, 2, 2, 0], [0, 1, 0, 2, 0, 0, 0, 2, 0, 2, 0], [0, 1, 0, 2, 0, 1, 0, 4, 0, 2, 0], [0, 1, 0, 2, 0, 1, 1, 2, 0, 2, 0], [0, 2, 0, 2, 0, 1, 1, 2, 0, 2, 0], [0, 2, 0, 2, 0, 1, 0, 2, 0, 2, 0], [0, 2, 0, 2, 0, 0, 0, 2, 0, 2, 0], [0, 2, 2, 2, 2, 2, 2, 2, 2, 2, 0], [0, 0, 0, 2, 0, 2, 0, 2, 0, 0, 0], [0, 2, 2, 2, 0, 2, 0, 2, 2, 2, 0], [0, 2, 0, 2, 2, 2, 2, 2, 0, 2, 0], [0, 2, 0, 0, 0, 2, 0, 0, 0, 2, 0], [0, 3, 2, 2, 2, 2, 2, 2, 2, 2, 0], [0, 0, 0, 0, 0, 0, 0, 0, 0, 0, 0]]"
2026-05-29T19:10:50.011055,0,Stop,380.0,False,False,False,"[[0, 0, 0, 0, 0, 0, 0, 0, 0, 0, 0], [0, 2, 2, 2, 2, 1, 1, 1, 1, 1, 0], [0, 2, 0, 0, 0, 1, 0, 0, 0, 1, 0], [0, 2, 0, 1, 1, 1, 2, 5, 0, 1, 0], [0, 2, 4, 1, 0, 2, 0, 1, 1, 1, 0], [0, 0, 0, 1, 0, 2, 0, 2, 0, 0, 0], [0, 1, 1, 1, 2, 2, 2, 2, 2, 2, 0], [0, 1, 0, 2, 0, 0, 0, 4, 0, 2, 0], [0, 1, 0, 2, 0, 1, 0, 2, 0, 2, 0], [0, 1, 0, 2, 0, 1, 1, 2, 0, 2, 0], [0, 2, 0, 2, 0, 1, 1, 2, 0, 2, 0], [0, 2, 0, 2, 0, 1, 0, 2, 0, 2, 0], [0, 2, 0, 2, 0, 0, 0, 2, 0, 2, 0], [0, 2, 2, 2, 2, 2, 2, 2, 2, 2, 0], [0, 0, 0, 2, 0, 2, 0, 2, 0, 0, 0], [0, 2, 2, 2, 0, 2, 0, 2, 2, 2, 0], [0, 2, 0, 2, 2, 2, 2, 2, 0, 2, 0], [0, 2, 0, 0, 0, 2, 0, 0, 0, 2, 0], [0, 3, 2, 2, 2, 2, 2, 2, 2, 2, 0], [0, 0, 0, 0, 0, 0, 0, 0, 0, 0, 0]]"
2026-05-29T19:10:50.013976,0,Stop,379.0,False,False,False,"[[0, 0, 0, 0, 0, 0, 0, 0, 0, 0, 0], [0, 2, 2, 2, 2, 1, 1, 1, 1, 1, 0], [0, 2, 0, 0, 0, 1, 0, 0, 0, 1, 0], [0, 2, 0, 1, 1, 1, 2, 5, 0, 1, 0], [0, 4, 2, 1, 0, 2, 0, 1, 1, 1, 0], [0, 0, 0, 1, 0, 2, 0, 2, 0, 0, 0], [0, 1, 1, 1, 2, 2, 2, 4, 2, 2, 0], [0, 1, 0, 2, 0, 0, 0, 2, 0, 2, 0], [0, 1, 0, 2, 0, 1, 0, 2, 0, 2, 0], [0, 1, 0, 2, 0, 1, 1, 2, 0, 2, 0], [0, 2, 0, 2, 0, 1, 1, 2, 0, 2, 0], [0, 2, 0, 2, 0, 1, 0, 2, 0, 2, 0], [0, 2, 0, 2, 0, 0, 0, 2, 0, 2, 0], [0, 2, 2, 2, 2, 2, 2, 2, 2, 2, 0], [0, 0, 0, 2, 0, 2, 0, 2, 0, 0, 0], [0, 2, 2, 2, 0, 2, 0, 2, 2, 2, 0], [0, 2, 0, 2, 2, 2, 2, 2, 0, 2, 0], [0, 2, 0, 0, 0, 2, 0, 0, 0, 2, 0], [0, 3, 2, 2, 2, 2, 2, 2, 2, 2, 0], [0, 0, 0, 0, 0, 0, 0, 0, 0, 0, 0]]"
2026-05-29T19:10:50.018083,0,South,378.0,False,False,False,"[[0, 0, 0, 0, 0, 0, 0, 0, 0, 0, 0], [0, 2, 2, 2, 2, 1, 1, 1, 1, 1, 0], [0, 2, 0, 0, 0, 1, 0, 0, 0, 1, 0], [0, 2, 0, 1, 1, 1, 2, 5, 0, 1, 0], [0, 4, 2, 1, 0, 2, 0, 1, 1, 1, 0], [0, 0, 0, 1, 0, 2, 0, 4, 0, 0, 0], [0, 1, 1, 1, 2, 2, 2, 2, 2, 2, 0], [0, 1, 0, 2, 0, 0, 0, 2, 0, 2, 0], [0, 1, 0, 2, 0, 1, 0, 2, 0, 2, 0], [0, 1, 0, 2, 0, 1, 1, 2, 0, 2, 0], [0, 2, 0, 2, 0, 1, 1, 2, 0, 2, 0], [0, 2, 0, 2, 0, 1, 0, 2, 0, 2, 0], [0, 2, 0, 2, 0, 0, 0, 2, 0, 2, 0], [0, 2, 2, 2, 2, 2, 2, 2, 2, 2, 0], [0, 0, 0, 2, 0, 2, 0, 2, 0, 0, 0], [0, 2, 2, 2, 0, 2, 0, 2, 2, 2, 0], [0, 2, 0, 2, 2, 2, 2, 2, 0, 2, 0], [0, 2, 0, 0, 0, 2, 0, 0, 0, 2, 0], [0, 3, 2, 2, 2, 2, 2, 2, 2, 2, 0], [0, 0, 0, 0, 0, 0, 0, 0, 0, 0, 0]]"
2026-05-29T19:10:50.020947,0,South,387.0,False,False,False,"[[0, 0, 0, 0, 0, 0, 0, 0, 0, 0, 0], [0, 2, 2, 2, 2, 1, 1, 1, 1, 1, 0], [0, 2, 0, 0, 0, 1, 0, 0, 0, 1, 0], [0, 4, 0, 1, 1, 1, 5, 1, 0, 1, 0], [0, 2, 2, 1, 0, 2, 0, 4, 1, 1, 0], [0, 0, 0, 1, 0, 2, 0, 2, 0, 0, 0], [0, 1, 1, 1, 2, 2, 2, 2, 2, 2, 0], [0, 1, 0, 2, 0, 0, 0, 2, 0, 2, 0], [0, 1, 0, 2, 0, 1, 0, 2, 0, 2, 0], [0, 1, 0, 2, 0, 1, 1, 2, 0, 2, 0], [0, 2, 0, 2, 0, 1, 1, 2, 0, 2, 0], [0, 2, 0, 2, 0, 1, 0, 2, 0, 2, 0], [0, 2, 0, 2, 0, 0, 0, 2, 0, 2, 0], [0, 2, 2, 2, 2, 2, 2, 2, 2, 2, 0], [0, 0, 0, 2, 0, 2, 0, 2, 0, 0, 0], [0, 2, 2, 2, 0, 2, 0, 2, 2, 2, 0], [0, 2, 0, 2, 2, 2, 2, 2, 0, 2, 0], [0, 2, 0, 0, 0, 2, 0, 0, 0, 2, 0], [0, 3, 2, 2, 2, 2, 2, 2, 2, 2, 0], [0, 0, 0, 0, 0, 0, 0, 0, 0, 0, 0]]"
2026-05-29T19:10:50.025478,0,East,386.0,False,False,False,"[[0, 0, 0, 0, 0, 0, 0, 0, 0, 0, 0], [0, 2, 2, 2, 2, 1, 1, 1, 1, 1, 0], [0, 2, 0, 0, 0, 1, 0, 0, 0, 1, 0], [0, 4, 0, 1, 1, 5, 1, 4, 0, 1, 0], [0, 2, 2, 1, 0, 2, 0, 1, 1, 1, 0], [0, 0, 0, 1, 0, 2, 0, 2, 0, 0, 0], [0, 1, 1, 1, 2, 2, 2, 2, 2, 2, 0], [0, 1, 0, 2, 0, 0, 0, 2, 0, 2, 0], [0, 1, 0, 2, 0, 1, 0, 2, 0, 2, 0], [0, 1, 0, 2, 0, 1, 1, 2, 0, 2, 0], [0, 2, 0, 2, 0, 1, 1, 2, 0, 2, 0], [0, 2, 0, 2, 0, 1, 0, 2, 0, 2, 0], [0, 2, 0, 2, 0, 0, 0, 2, 0, 2, 0], [0, 2, 2, 2, 2, 2, 2, 2, 2, 2, 0], [0, 0, 0, 2, 0, 2, 0, 2, 0, 0, 0], [0, 2, 2, 2, 0, 2, 0, 2, 2, 2, 0], [0, 2, 0, 2, 2, 2, 2, 2, 0, 2, 0], [0, 2, 0, 0, 0, 2, 0, 0, 0, 2, 0], [0, 3, 2, 2, 2, 2, 2, 2, 2, 2, 0], [0, 0, 0, 0, 0, 0, 0, 0, 0, 0, 0]]"
2026-05-29T19:10:50.028496,0,East,395.0,False,False,False,"[[0, 0, 0, 0, 0, 0, 0, 0, 0, 0, 0], [0, 2, 2, 2, 2, 1, 1, 1, 1, 1, 0], [0, 4, 0, 0, 0, 1, 0, 0, 0, 1, 0], [0, 2, 0, 1, 1, 1, 4, 1, 0, 1, 0], [0, 2, 2, 1, 0, 5, 0, 1, 1, 1, 0], [0, 0, 0, 1, 0, 2, 0, 2, 0, 0, 0], [0, 1, 1, 1, 2, 2, 2, 2, 2, 2, 0], [0, 1, 0, 2, 0, 0, 0, 2, 0, 2, 0], [0, 1, 0, 2, 0, 1, 0, 2, 0, 2, 0], [0, 1, 0, 2, 0, 1, 1, 2, 0, 2, 0], [0, 2, 0, 2, 0, 1, 1, 2, 0, 2, 0], [0, 2, 0, 2, 0, 1, 0, 2, 0, 2, 0], [0, 2, 0, 2, 0, 0, 0, 2, 0, 2, 0], [0, 2, 2, 2, 2, 2, 2, 2, 2, 2, 0], [0, 0, 0, 2, 0, 2, 0, 2, 0, 0, 0], [0, 2, 2, 2, 0, 2, 0, 2, 2, 2, 0], [0, 2, 0, 2, 2, 2, 2, 2, 0, 2, 0], [0, 2, 0, 0, 0, 2, 0, 0, 0, 2, 0], [0, 3, 2, 2, 2, 2, 2, 2, 2, 2, 0], [0, 0, 0, 0, 0, 0, 0, 0, 0, 0, 0]]"
2026-05-29T19:10:50.032051,0,East,404.0,False,False,False,"[[0, 0, 0, 0, 0, 0, 0, 0, 0, 0, 0], [0, 2, 2, 2, 2, 1, 1, 1, 1, 1, 0], [0, 4, 0, 0, 0, 1, 0, 0, 0, 1, 0], [0, 2, 0, 1, 1, 4, 1, 1, 0, 1, 0], [0, 2, 2, 1, 0, 1, 0, 1, 1, 1, 0], [0, 0, 0, 1, 0, 5, 0, 2, 0, 0, 0], [0, 1, 1, 1, 2, 2, 2, 2, 2, 2, 0], [0, 1, 0, 2, 0, 0, 0, 2, 0, 2, 0], [0, 1, 0, 2, 0, 1, 0, 2, 0, 2, 0], [0, 1, 0, 2, 0, 1, 1, 2, 0, 2, 0], [0, 2, 0, 2, 0, 1, 1, 2, 0, 2, 0], [0, 2, 0, 2, 0, 1, 0, 2, 0, 2, 0], [0, 2, 0, 2, 0, 0, 0, 2, 0, 2, 0], [0, 2, 2, 2, 2, 2, 2, 2, 2, 2, 0], [0, 0, 0, 2, 0, 2, 0, 2, 0, 0, 0], [0, 2, 2, 2, 0, 2, 0, 2, 2, 2, 0], [0, 2, 0, 2, 2, 2, 2, 2, 0, 2, 0], [0, 2, 0, 0, 0, 2, 0, 0, 0, 2, 0], [0, 3, 2, 2, 2, 2, 2, 2, 2, 2, 0], [0, 0, 0, 0, 0, 0, 0, 0, 0, 0, 0]]"
2026-05-29T19:10:50.035895,0,North,413.0,False,False,False,"[[0, 0, 0, 0, 0, 0, 0, 0, 0, 0, 0], [0, 4, 2, 2, 2, 1, 1, 1, 1, 1, 0], [0, 2, 0, 0, 0, 1, 0, 0, 0, 1, 0], [0, 2, 0, 1, 1, 1, 1, 1, 0, 1, 0], [0, 2, 2, 1, 0, 4, 0, 1, 1, 1, 0], [0, 0, 0, 1, 0, 1, 0, 2, 0, 0, 0], [0, 1, 1, 1, 2, 5, 2, 2, 2, 2, 0], [0, 1, 0, 2, 0, 0, 0, 2, 0, 2, 0], [0, 1, 0, 2, 0, 1, 0, 2, 0, 2, 0], [0, 1, 0, 2, 0, 1, 1, 2, 0, 2, 0], [0, 2, 0, 2, 0, 1, 1, 2, 0, 2, 0], [0, 2, 0, 2, 0, 1, 0, 2, 0, 2, 0], [0, 2, 0, 2, 0, 0, 0, 2, 0, 2, 0], [0, 2, 2, 2, 2, 2, 2, 2, 2, 2, 0], [0, 0, 0, 2, 0, 2, 0, 2, 0, 0, 0], [0, 2, 2, 2, 0, 2, 0, 2, 2, 2, 0], [0, 2, 0, 2, 2, 2, 2, 2, 0, 2, 0], [0, 2, 0, 0, 0, 2, 0, 0, 0, 2, 0], [0, 3, 2, 2, 2, 2, 2, 2, 2, 2, 0], [0, 0, 0, 0, 0, 0, 0, 0, 0, 0, 0]]"
2026-05-29T19:10:50.039325,0,North,422.0,False,False,False,"[[0, 0, 0, 0, 0, 0, 0, 0, 0, 0, 0], [0, 4, 2, 2, 2, 1, 1, 1, 1, 1, 0], [0, 2, 0, 0, 0, 1, 0, 0, 0, 1, 0], [0, 2, 0, 1, 1, 1, 1, 1, 0, 1, 0], [0, 2, 2, 1, 0, 1, 0, 1, 1, 1, 0], [0, 0, 0, 1, 0, 4, 0, 2, 0, 0, 0], [0, 1, 1, 1, 2, 1, 5, 2, 2, 2, 0], [0, 1, 0, 2, 0, 0, 0, 2, 0, 2, 0], [0, 1, 0, 2, 0, 1, 0, 2, 0, 2, 0], [0, 1, 0, 2, 0, 1, 1, 2, 0, 2, 0], [0, 2, 0, 2, 0, 1, 1, 2, 0, 2, 0], [0, 2, 0, 2, 0, 1, 0, 2, 0, 2, 0], [0, 2, 0, 2, 0, 0, 0, 2, 0, 2, 0], [0, 2, 2, 2, 2, 2, 2, 2, 2, 2, 0], [0, 0, 0, 2, 0, 2, 0, 2, 0, 0, 0], [0, 2, 2, 2, 0, 2, 0, 2, 2, 2, 0], [0, 2, 0, 2, 2, 2, 2, 2, 0, 2, 0], [0, 2, 0, 0, 0, 2, 0, 0, 0, 2, 0], [0, 3, 2, 2, 2, 2, 2, 2, 2, 2, 0], [0, 0, 0, 0, 0, 0, 0, 0, 0, 0, 0]]"
2026-05-29T19:10:50.043972,0,East,431.0,False,False,False,"[[0, 0, 0, 0, 0, 0, 0, 0, 0, 0, 0], [0, 4, 2, 2, 2, 1, 1, 1, 1, 1, 0], [0, 2, 0, 0, 0, 1, 0, 0, 0, 1, 0], [0, 2, 0, 1, 1, 1, 1, 1, 0, 1, 0], [0, 2, 2, 1, 0, 1, 0, 1, 1, 1, 0], [0, 0, 0, 1, 0, 1, 0, 2, 0, 0, 0], [0, 1, 1, 1, 2, 4, 1, 5, 2, 2, 0], [0, 1, 0, 2, 0, 0, 0, 2, 0, 2, 0], [0, 1, 0, 2, 0, 1, 0, 2, 0, 2, 0], [0, 1, 0, 2, 0, 1, 1, 2, 0, 2, 0], [0, 2, 0, 2, 0, 1, 1, 2, 0, 2, 0], [0, 2, 0, 2, 0, 1, 0, 2, 0, 2, 0], [0, 2, 0, 2, 0, 0, 0, 2, 0, 2, 0], [0, 2, 2, 2, 2, 2, 2, 2, 2, 2, 0], [0, 0, 0, 2, 0, 2, 0, 2, 0, 0, 0], [0, 2, 2, 2, 0, 2, 0, 2, 2, 2, 0], [0, 2, 0, 2, 2, 2, 2, 2, 0, 2, 0], [0, 2, 0, 0, 0, 2, 0, 0, 0, 2, 0], [0, 3, 2, 2, 2, 2, 2, 2, 2, 2, 0], [0, 0, 0, 0, 0, 0, 0, 0, 0, 0, 0]]"
2026-05-29T19:10:50.048719,0,East,440.0,False,False,False,"[[0, 0, 0, 0, 0, 0, 0, 0, 0, 0, 0], [0, 2, 4, 2, 2, 1, 1, 1, 1, 1, 0], [0, 2, 0, 0, 0, 1, 0, 0, 0, 1, 0], [0, 2, 0, 1, 1, 1, 1, 1, 0, 1, 0], [0, 2, 2, 1, 0, 1, 0, 1, 1, 1, 0], [0, 0, 0, 1, 0, 1, 0, 2, 0, 0, 0], [0, 1, 1, 1, 2, 1, 4, 1, 2, 2, 0], [0, 1, 0, 2, 0, 0, 0, 5, 0, 2, 0], [0, 1, 0, 2, 0, 1, 0, 2, 0, 2, 0], [0, 1, 0, 2, 0, 1, 1, 2, 0, 2, 0], [0, 2, 0, 2, 0, 1, 1, 2, 0, 2, 0], [0, 2, 0, 2, 0, 1, 0, 2, 0, 2, 0], [0, 2, 0, 2, 0, 0, 0, 2, 0, 2, 0], [0, 2, 2, 2, 2, 2, 2, 2, 2, 2, 0], [0, 0, 0, 2, 0, 2, 0, 2, 0, 0, 0], [0, 2, 2, 2, 0, 2, 0, 2, 2, 2, 0], [0, 2, 0, 2, 2, 2, 2, 2, 0, 2, 0], [0, 2, 0, 0, 0, 2, 0, 0, 0, 2, 0], [0, 3, 2, 2, 2, 2, 2, 2, 2, 2, 0], [0, 0, 0, 0, 0, 0, 0, 0, 0, 0, 0]]"
2026-05-29T19:10:50.052474,0,East,449.0,False,False,False,"[[0, 0, 0, 0, 0, 0, 0, 0, 0, 0, 0], [0, 2, 4, 2, 2, 1, 1, 1, 1, 1, 0], [0, 2, 0, 0, 0, 1, 0, 0, 0, 1, 0], [0, 2, 0, 1, 1, 1, 1, 1, 0, 1, 0], [0, 2, 2, 1, 0, 1, 0, 1, 1, 1, 0], [0, 0, 0, 1, 0, 1, 0, 2, 0, 0, 0], [0, 1, 1, 1, 2, 1, 1, 4, 2, 2, 0], [0, 1, 0, 2, 0, 0, 0, 1, 0, 2, 0], [0, 1, 0, 2, 0, 1, 0, 5, 0, 2, 0], [0, 1, 0, 2, 0, 1, 1, 2, 0, 2, 0], [0, 2, 0, 2, 0, 1, 1, 2, 0, 2, 0], [0, 2, 0, 2, 0, 1, 0, 2, 0, 2, 0], [0, 2, 0, 2, 0, 0, 0, 2, 0, 2, 0], [0, 2, 2, 2, 2, 2, 2, 2, 2, 2, 0], [0, 0, 0, 2, 0, 2, 0, 2, 0, 0, 0], [0, 2, 2, 2, 0, 2, 0, 2, 2, 2, 0], [0, 2, 0, 2, 2, 2, 2, 2, 0, 2, 0], [0, 2, 0, 0, 0, 2, 0, 0, 0, 2, 0], [0, 3, 2, 2, 2, 2, 2, 2, 2, 2, 0], [0, 0, 0, 0, 0, 0, 0, 0, 0, 0, 0]]"
2026-05-29T19:10:50.056983,0,East,458.0,False,False,False,"[[0, 0, 0, 0, 0, 0, 0, 0, 0, 0, 0], [0, 2, 2, 4, 2, 1, 1, 1, 1, 1, 0], [0, 2, 0, 0, 0, 1, 0, 0, 0, 1, 0], [0, 2, 0, 1, 1, 1, 1, 1, 0, 1, 0], [0, 2, 2, 1, 0, 1, 0, 1, 1, 1, 0], [0, 0, 0, 1, 0, 1, 0, 2, 0, 0, 0], [0, 1, 1, 1, 2, 1, 1, 1, 2, 2, 0], [0, 1, 0, 2, 0, 0, 0, 4, 0, 2, 0], [0, 1, 0, 2, 0, 1, 0, 1, 0, 2, 0], [0, 1, 0, 2, 0, 1, 1, 5, 0, 2, 0], [0, 2, 0, 2, 0, 1, 1, 2, 0, 2, 0], [0, 2, 0, 2, 0, 1, 0, 2, 0, 2, 0], [0, 2, 0, 2, 0, 0, 0, 2, 0, 2, 0], [0, 2, 2, 2, 2, 2, 2, 2, 2, 2, 0], [0, 0, 0, 2, 0, 2, 0, 2, 0, 0, 0], [0, 2, 2, 2, 0, 2, 0, 2, 2, 2, 0], [0, 2, 0, 2, 2, 2, 2, 2, 0, 2, 0], [0, 2, 0, 0, 0, 2, 0, 0, 0, 2, 0], [0, 3, 2, 2, 2, 2, 2, 2, 2, 2, 0], [0, 0, 0, 0, 0, 0, 0, 0, 0, 0, 0]]"
2026-05-29T19:10:50.061964,0,East,467.0,False,False,False,"[[0, 0, 0, 0, 0, 0, 0, 0, 0, 0, 0], [0, 2, 2, 4, 2, 1, 1, 1, 1, 1, 0], [0, 2, 0, 0, 0, 1, 0, 0, 0, 1, 0], [0, 2, 0, 1, 1, 1, 1, 1, 0, 1, 0], [0, 2, 2, 1, 0, 1, 0, 1, 1, 1, 0], [0, 0, 0, 1, 0, 1, 0, 2, 0, 0, 0], [0, 1, 1, 1, 2, 1, 1, 1, 2, 2, 0], [0, 1, 0, 2, 0, 0, 0, 1, 0, 2, 0], [0, 1, 0, 2, 0, 1, 0, 4, 0, 2, 0], [0, 1, 0, 2, 0, 1, 1, 1, 0, 2, 0], [0, 2, 0, 2, 0, 1, 1, 5, 0, 2, 0], [0, 2, 0, 2, 0, 1, 0, 2, 0, 2, 0], [0, 2, 0, 2, 0, 0, 0, 2, 0, 2, 0], [0, 2, 2, 2, 2, 2, 2, 2, 2, 2, 0], [0, 0, 0, 2, 0, 2, 0, 2, 0, 0, 0], [0, 2, 2, 2, 0, 2, 0, 2, 2, 2, 0], [0, 2, 0, 2, 2, 2, 2, 2, 0, 2, 0], [0, 2, 0, 0, 0, 2, 0, 0, 0, 2, 0], [0, 3, 2, 2, 2, 2, 2, 2, 2, 2, 0], [0, 0, 0, 0, 0, 0, 0, 0, 0, 0, 0]]"
2026-05-29T19:10:50.065602,0,East,476.0,False,False,False,"[[0, 0, 0, 0, 0, 0, 0, 0, 0, 0, 0], [0, 2, 2, 2, 4, 1, 1, 1, 1, 1, 0], [0, 2, 0, 0, 0, 1, 0, 0, 0, 1, 0], [0, 2, 0, 1, 1, 1, 1, 1, 0, 1, 0], [0, 2, 2, 1, 0, 1, 0, 1, 1, 1, 0], [0, 0, 0, 1, 0, 1, 0, 2, 0, 0, 0], [0, 1, 1, 1, 2, 1, 1, 1, 2, 2, 0], [0, 1, 0, 2, 0, 0, 0, 1, 0, 2, 0], [0, 1, 0, 2, 0, 1, 0, 1, 0, 2, 0], [0, 1, 0, 2, 0, 1, 1, 4, 0, 2, 0], [0, 2, 0, 2, 0, 1, 1, 1, 0, 2, 0], [0, 2, 0, 2, 0, 1, 0, 5, 0, 2, 0], [0, 2, 0, 2, 0, 0, 0, 2, 0, 2, 0], [0, 2, 2, 2, 2, 2, 2, 2, 2, 2, 0], [0, 0, 0, 2, 0, 2, 0, 2, 0, 0, 0], [0, 2, 2, 2, 0, 2, 0, 2, 2, 2, 0], [0, 2, 0, 2, 2, 2, 2, 2, 0, 2, 0], [0, 2, 0, 0, 0, 2, 0, 0, 0, 2, 0], [0, 3, 2, 2, 2, 2, 2, 2, 2, 2, 0], [0, 0, 0, 0, 0, 0, 0, 0, 0, 0, 0]]"
2026-05-29T19:10:50.069224,0,East,485.0,False,False,False,"[[0, 0, 0, 0, 0, 0, 0, 0, 0, 0, 0], [0, 2, 2, 2, 4, 1, 1, 1, 1, 1, 0], [0, 2, 0, 0, 0, 1, 0, 0, 0, 1, 0], [0, 2, 0, 1, 1, 1, 1, 1, 0, 1, 0], [0, 2, 2, 1, 0, 1, 0, 1, 1, 1, 0], [0, 0, 0, 1, 0, 1, 0, 2, 0, 0, 0], [0, 1, 1, 1, 2, 1, 1, 1, 2, 2, 0], [0, 1, 0, 2, 0, 0, 0, 1, 0, 2, 0], [0, 1, 0, 2, 0, 1, 0, 1, 0, 2, 0], [0, 1, 0, 2, 0, 1, 1, 1, 0, 2, 0], [0, 2, 0, 2, 0, 1, 1, 4, 0, 2, 0], [0, 2, 0, 2, 0, 1, 0, 1, 0, 2, 0], [0, 2, 0, 2, 0, 0, 0, 5, 0, 2, 0], [0, 2, 2, 2, 2, 2, 2, 2, 2, 2, 0], [0, 0, 0, 2, 0, 2, 0, 2, 0, 0, 0], [0, 2, 2, 2, 0, 2, 0, 2, 2, 2, 0], [0, 2, 0, 2, 2, 2, 2, 2, 0, 2, 0], [0, 2, 0, 0, 0, 2, 0, 0, 0, 2, 0], [0, 3, 2, 2, 2, 2, 2, 2, 2, 2, 0], [0, 0, 0, 0, 0, 0, 0, 0, 0, 0, 0]]"
2026-05-29T19:10:50.073876,0,East,494.0,False,False,False,"[[0, 0, 0, 0, 0, 0, 0, 0, 0, 0, 0], [0, 2, 2, 2, 2, 4, 1, 1, 1, 1, 0], [0, 2, 0, 0, 0, 1, 0, 0, 0, 1, 0], [0, 2, 0, 1, 1, 1, 1, 1, 0, 1, 0], [0, 2, 2, 1, 0, 1, 0, 1, 1, 1, 0], [0, 0, 0, 1, 0, 1, 0, 2, 0, 0, 0], [0, 1, 1, 1, 2, 1, 1, 1, 2, 2, 0], [0, 1, 0, 2, 0, 0, 0, 1, 0, 2, 0], [0, 1, 0, 2, 0, 1, 0, 1, 0, 2, 0], [0, 1, 0, 2, 0, 1, 1, 1, 0, 2, 0], [0, 2, 0, 2, 0, 1, 1, 1, 0, 2, 0], [0, 2, 0, 2, 0, 1, 0, 4, 0, 2, 0], [0, 2, 0, 2, 0, 0, 0, 1, 0, 2, 0], [0, 2, 2, 2, 2, 2, 2, 5, 2, 2, 0], [0, 0, 0, 2, 0, 2, 0, 2, 0, 0, 0], [0, 2, 2, 2, 0, 2, 0, 2, 2, 2, 0], [0, 2, 0, 2, 2, 2, 2, 2, 0, 2, 0], [0, 2, 0, 0, 0, 2, 0, 0, 0, 2, 0], [0, 3, 2, 2, 2, 2, 2, 2, 2, 2, 0], [0, 0, 0, 0, 0, 0, 0, 0, 0, 0, 0]]"
2026-05-29T19:10:50.077007,0,East,503.0,False,False,False,"[[0, 0, 0, 0, 0, 0, 0, 0, 0, 0, 0], [0, 2, 2, 2, 2, 4, 1, 1, 1, 1, 0], [0, 2, 0, 0, 0, 1, 0, 0, 0, 1, 0], [0, 2, 0, 1, 1, 1, 1, 1, 0, 1, 0], [0, 2, 2, 1, 0, 1, 0, 1, 1, 1, 0], [0, 0, 0, 1, 0, 1, 0, 2, 0, 0, 0], [0, 1, 1, 1, 2, 1, 1, 1, 2, 2, 0], [0, 1, 0, 2, 0, 0, 0, 1, 0, 2, 0], [0, 1, 0, 2, 0, 1, 0, 1, 0, 2, 0], [0, 1, 0, 2, 0, 1, 1, 1, 0, 2, 0], [0, 2, 0, 2, 0, 1, 1, 1, 0, 2, 0], [0, 2, 0, 2, 0, 1, 0, 1, 0, 2, 0], [0, 2, 0, 2, 0, 0, 0, 4, 0, 2, 0], [0, 2, 2, 2, 2, 2, 2, 1, 2, 2, 0], [0, 0, 0, 2, 0, 2, 0, 5, 0, 0, 0], [0, 2, 2, 2, 0, 2, 0, 2, 2, 2, 0], [0, 2, 0, 2, 2, 2, 2, 2, 0, 2, 0], [0, 2, 0, 0, 0, 2, 0, 0, 0, 2, 0], [0, 3, 2, 2, 2, 2, 2, 2, 2, 2, 0], [0, 0, 0, 0, 0, 0, 0, 0, 0, 0, 0]]"
2026-05-29T19:10:50.081457,0,East,512.0,False,False,False,"[[0, 0, 0, 0, 0, 0, 0, 0, 0, 0, 0], [0, 2, 2, 2, 2, 1, 4, 1, 1, 1, 0], [0, 2, 0, 0, 0, 1, 0, 0, 0, 1, 0], [0, 2, 0, 1, 1, 1, 1, 1, 0, 1, 0], [0, 2, 2, 1, 0, 1, 0, 1, 1, 1, 0], [0, 0, 0, 1, 0, 1, 0, 2, 0, 0, 0], [0, 1, 1, 1, 2, 1, 1, 1, 2, 2, 0], [0, 1, 0, 2, 0, 0, 0, 1, 0, 2, 0], [0, 1, 0, 2, 0, 1, 0, 1, 0, 2, 0], [0, 1, 0, 2, 0, 1, 1, 1, 0, 2, 0], [0, 2, 0, 2, 0, 1, 1, 1, 0, 2, 0], [0, 2, 0, 2, 0, 1, 0, 1, 0, 2, 0], [0, 2, 0, 2, 0, 0, 0, 1, 0, 2, 0], [0, 2, 2, 2, 2, 2, 2, 4, 2, 2, 0], [0, 0, 0, 2, 0, 2, 0, 1, 0, 0, 0], [0, 2, 2, 2, 0, 2, 0, 5, 2, 2, 0], [0, 2, 0, 2, 2, 2, 2, 2, 0, 2, 0], [0, 2, 0, 0, 0, 2, 0, 0, 0, 2, 0], [0, 3, 2, 2, 2, 2, 2, 2, 2, 2, 0], [0, 0, 0, 0, 0, 0, 0, 0, 0, 0, 0]]"
2026-05-29T19:10:50.084859,0,South,521.0,False,False,False,"[[0, 0, 0, 0, 0, 0, 0, 0, 0, 0, 0], [0, 2, 2, 2, 2, 1, 4, 1, 1, 1, 0], [0, 2, 0, 0, 0, 1, 0, 0, 0, 1, 0], [0, 2, 0, 1, 1, 1, 1, 1, 0, 1, 0], [0, 2, 2, 1, 0, 1, 0, 1, 1, 1, 0], [0, 0, 0, 1, 0, 1, 0, 2, 0, 0, 0], [0, 1, 1, 1, 2, 1, 1, 1, 2, 2, 0], [0, 1, 0, 2, 0, 0, 0, 1, 0, 2, 0], [0, 1, 0, 2, 0, 1, 0, 1, 0, 2, 0], [0, 1, 0, 2, 0, 1, 1, 1, 0, 2, 0], [0, 2, 0, 2, 0, 1, 1, 1, 0, 2, 0], [0, 2, 0, 2, 0, 1, 0, 1, 0, 2, 0], [0, 2, 0, 2, 0, 0, 0, 1, 0, 2, 0], [0, 2, 2, 2, 2, 2, 2, 1, 2, 2, 0], [0, 0, 0, 2, 0, 2, 0, 4, 0, 0, 0], [0, 2, 2, 2, 0, 2, 0, 1, 2, 2, 0], [0, 2, 0, 2, 2, 2, 2, 5, 0, 2, 0], [0, 2, 0, 0, 0, 2, 0, 0, 0, 2, 0], [0, 3, 2, 2, 2, 2, 2, 2, 2, 2, 0], [0, 0, 0, 0, 0, 0, 0, 0, 0, 0, 0]]"
2026-05-29T19:10:50.088307,0,South,530.0,False,False,False,"[[0, 0, 0, 0, 0, 0, 0, 0, 0, 0, 0], [0, 2, 2, 2, 2, 1, 1, 4, 1, 1, 0], [0, 2, 0, 0, 0, 1, 0, 0, 0, 1, 0], [0, 2, 0, 1, 1, 1, 1, 1, 0, 1, 0], [0, 2, 2, 1, 0, 1, 0, 1, 1, 1, 0], [0, 0, 0, 1, 0, 1, 0, 2, 0, 0, 0], [0, 1, 1, 1, 2, 1, 1, 1, 2, 2, 0], [0, 1, 0, 2, 0, 0, 0, 1, 0, 2, 0], [0, 1, 0, 2, 0, 1, 0, 1, 0, 2, 0], [0, 1, 0, 2, 0, 1, 1, 1, 0, 2, 0], [0, 2, 0, 2, 0, 1, 1, 1, 0, 2, 0], [0, 2, 0, 2, 0, 1, 0, 1, 0, 2, 0], [0, 2, 0, 2, 0, 0, 0, 1, 0, 2, 0], [0, 2, 2, 2, 2, 2, 2, 1, 2, 2, 0], [0, 0, 0, 2, 0, 2, 0, 1, 0, 0, 0], [0, 2, 2, 2, 0, 2, 0, 4, 2, 2, 0], [0, 2, 0, 2, 2, 2, 5, 1, 0, 2, 0], [0, 2, 0, 0, 0, 2, 0, 0, 0, 2, 0], [0, 3, 2, 2, 2, 2, 2, 2, 2, 2, 0], [0, 0, 0, 0, 0, 0, 0, 0, 0, 0, 0]]"
2026-05-29T19:10:50.092987,0,South,539.0,False,False,False,"[[0, 0, 0, 0, 0, 0, 0, 0, 0, 0, 0], [0, 2, 2, 2, 2, 1, 1, 4, 1, 1, 0], [0, 2, 0, 0, 0, 1, 0, 0, 0, 1, 0], [0, 2, 0, 1, 1, 1, 1, 1, 0, 1, 0], [0, 2, 2, 1, 0, 1, 0, 1, 1, 1, 0], [0, 0, 0, 1, 0, 1, 0, 2, 0, 0, 0], [0, 1, 1, 1, 2, 1, 1, 1, 2, 2, 0], [0, 1, 0, 2, 0, 0, 0, 1, 0, 2, 0], [0, 1, 0, 2, 0, 1, 0, 1, 0, 2, 0], [0, 1, 0, 2, 0, 1, 1, 1, 0, 2, 0], [0, 2, 0, 2, 0, 1, 1, 1, 0, 2, 0], [0, 2, 0, 2, 0, 1, 0, 1, 0, 2, 0], [0, 2, 0, 2, 0, 0, 0, 1, 0, 2, 0], [0, 2, 2, 2, 2, 2, 2, 1, 2, 2, 0], [0, 0, 0, 2, 0, 2, 0, 1, 0, 0, 0], [0, 2, 2, 2, 0, 2, 0, 1, 2, 2, 0], [0, 2, 0, 2, 2, 5, 1, 4, 0, 2, 0], [0, 2, 0, 0, 0, 2, 0, 0, 0, 2, 0], [0, 3, 2, 2, 2, 2, 2, 2, 2, 2, 0], [0, 0, 0, 0, 0, 0, 0, 0, 0, 0, 0]]"
2026-05-29T19:10:50.097087,0,South,548.0,False,False,False,"[[0, 0, 0, 0, 0, 0, 0, 0, 0, 0, 0], [0, 2, 2, 2, 2, 1, 1, 1, 4, 1, 0], [0, 2, 0, 0, 0, 1, 0, 0, 0, 1, 0], [0, 2, 0, 1, 1, 1, 1, 1, 0, 1, 0], [0, 2, 2, 1, 0, 1, 0, 1, 1, 1, 0], [0, 0, 0, 1, 0, 1, 0, 2, 0, 0, 0], [0, 1, 1, 1, 2, 1, 1, 1, 2, 2, 0], [0, 1, 0, 2, 0, 0, 0, 1, 0, 2, 0], [0, 1, 0, 2, 0, 1, 0, 1, 0, 2, 0], [0, 1, 0, 2, 0, 1, 1, 1, 0, 2, 0], [0, 2, 0, 2, 0, 1, 1, 1, 0, 2, 0], [0, 2, 0, 2, 0, 1, 0, 1, 0, 2, 0], [0, 2, 0, 2, 0, 0, 0, 1, 0, 2, 0], [0, 2, 2, 2, 2, 2, 2, 1, 2, 2, 0], [0, 0, 0, 2, 0, 2, 0, 1, 0, 0, 0], [0, 2, 2, 2, 0, 2, 0, 1, 2, 2, 0], [0, 2, 0, 2, 5, 1, 4, 1, 0, 2, 0], [0, 2, 0, 0, 0, 2, 0, 0, 0, 2, 0], [0, 3, 2, 2, 2, 2, 2, 2, 2, 2, 0], [0, 0, 0, 0, 0, 0, 0, 0, 0, 0, 0]]"
2026-05-29T19:10:50.100732,0,West,557.0,False,False,False,"[[0, 0, 0, 0, 0, 0, 0, 0, 0, 0, 0], [0, 2, 2, 2, 2, 1, 1, 1, 4, 1, 0], [0, 2, 0, 0, 0, 1, 0, 0, 0, 1, 0], [0, 2, 0, 1, 1, 1, 1, 1, 0, 1, 0], [0, 2, 2, 1, 0, 1, 0, 1, 1, 1, 0], [0, 0, 0, 1, 0, 1, 0, 2, 0, 0, 0], [0, 1, 1, 1, 2, 1, 1, 1, 2, 2, 0], [0, 1, 0, 2, 0, 0, 0, 1, 0, 2, 0], [0, 1, 0, 2, 0, 1, 0, 1, 0, 2, 0], [0, 1, 0, 2, 0, 1, 1, 1, 0, 2, 0], [0, 2, 0, 2, 0, 1, 1, 1, 0, 2, 0], [0, 2, 0, 2, 0, 1, 0, 1, 0, 2, 0], [0, 2, 0, 2, 0, 0, 0, 1, 0, 2, 0], [0, 2, 2, 2, 2, 2, 2, 1, 2, 2, 0], [0, 0, 0, 2, 0, 2, 0, 1, 0, 0, 0], [0, 2, 2, 2, 0, 2, 0, 1, 2, 2, 0], [0, 2, 0, 5, 1, 4, 1, 1, 0, 2, 0], [0, 2, 0, 0, 0, 2, 0, 0, 0, 2, 0], [0, 3, 2, 2, 2, 2, 2, 2, 2, 2, 0], [0, 0, 0, 0, 0, 0, 0, 0, 0, 0, 0]]"
2026-05-29T19:10:50.104516,0,West,566.0,False,False,False,"[[0, 0, 0, 0, 0, 0, 0, 0, 0, 0, 0], [0, 2, 2, 2, 2, 1, 1, 1, 1, 4, 0], [0, 2, 0, 0, 0, 1, 0, 0, 0, 1, 0], [0, 2, 0, 1, 1, 1, 1, 1, 0, 1, 0], [0, 2, 2, 1, 0, 1, 0, 1, 1, 1, 0], [0, 0, 0, 1, 0, 1, 0, 2, 0, 0, 0], [0, 1, 1, 1, 2, 1, 1, 1, 2, 2, 0], [0, 1, 0, 2, 0, 0, 0, 1, 0, 2, 0], [0, 1, 0, 2, 0, 1, 0, 1, 0, 2, 0], [0, 1, 0, 2, 0, 1, 1, 1, 0, 2, 0], [0, 2, 0, 2, 0, 1, 1, 1, 0, 2, 0], [0, 2, 0, 2, 0, 1, 0, 1, 0, 2, 0], [0, 2, 0, 2, 0, 0, 0, 1, 0, 2, 0], [0, 2, 2, 2, 2, 2, 2, 1, 2, 2, 0], [0, 0, 0, 2, 0, 2, 0, 1, 0, 0, 0], [0, 2, 2, 5, 0, 4, 0, 1, 2, 2, 0], [0, 2, 0, 1, 1, 1, 1, 1, 0, 2, 0], [0, 2, 0, 0, 0, 2, 0, 0, 0, 2, 0], [0, 3, 2, 2, 2, 2, 2, 2, 2, 2, 0], [0, 0, 0, 0, 0, 0, 0, 0, 0, 0, 0]]"
2026-05-29T19:10:50.107666,0,East,575.0,False,False,False,"[[0, 0, 0, 0, 0, 0, 0, 0, 0, 0, 0], [0, 2, 2, 2, 2, 1, 1, 1, 1, 4, 0], [0, 2, 0, 0, 0, 1, 0, 0, 0, 1, 0], [0, 2, 0, 1, 1, 1, 1, 1, 0, 1, 0], [0, 2, 2, 1, 0, 1, 0, 1, 1, 1, 0], [0, 0, 0, 1, 0, 1, 0, 2, 0, 0, 0], [0, 1, 1, 1, 2, 1, 1, 1, 2, 2, 0], [0, 1, 0, 2, 0, 0, 0, 1, 0, 2, 0], [0, 1, 0, 2, 0, 1, 0, 1, 0, 2, 0], [0, 1, 0, 2, 0, 1, 1, 1, 0, 2, 0], [0, 2, 0, 2, 0, 1, 1, 1, 0, 2, 0], [0, 2, 0, 2, 0, 1, 0, 1, 0, 2, 0], [0, 2, 0, 2, 0, 0, 0, 1, 0, 2, 0], [0, 2, 2, 2, 2, 2, 2, 1, 2, 2, 0], [0, 0, 0, 5, 0, 4, 0, 1, 0, 0, 0], [0, 2, 2, 1, 0, 2, 0, 1, 2, 2, 0], [0, 2, 0, 1, 1, 1, 1, 1, 0, 2, 0], [0, 2, 0, 0, 0, 2, 0, 0, 0, 2, 0], [0, 3, 2, 2, 2, 2, 2, 2, 2, 2, 0], [0, 0, 0, 0, 0, 0, 0, 0, 0, 0, 0]]"
2026-05-29T19:10:50.111150,0,East,574.0,False,False,False,"[[0, 0, 0, 0, 0, 0, 0, 0, 0, 0, 0], [0, 2, 2, 2, 2, 1, 1, 1, 1, 1, 0], [0, 2, 0, 0, 0, 1, 0, 0, 0, 4, 0], [0, 2, 0, 1, 1, 1, 1, 1, 0, 1, 0], [0, 2, 2, 1, 0, 1, 0, 1, 1, 1, 0], [0, 0, 0, 1, 0, 1, 0, 2, 0, 0, 0], [0, 1, 1, 1, 2, 1, 1, 1, 2, 2, 0], [0, 1, 0, 2, 0, 0, 0, 1, 0, 2, 0], [0, 1, 0, 2, 0, 1, 0, 1, 0, 2, 0], [0, 1, 0, 2, 0, 1, 1, 1, 0, 2, 0], [0, 2, 0, 2, 0, 1, 1, 1, 0, 2, 0], [0, 2, 0, 2, 0, 1, 0, 1, 0, 2, 0], [0, 2, 0, 2, 0, 0, 0, 1, 0, 2, 0], [0, 2, 2, 2, 2, 4, 2, 1, 2, 2, 0], [0, 0, 0, 1, 0, 2, 0, 1, 0, 0, 0], [0, 2, 2, 5, 0, 2, 0, 1, 2, 2, 0], [0, 2, 0, 1, 1, 1, 1, 1, 0, 2, 0], [0, 2, 0, 0, 0, 2, 0, 0, 0, 2, 0], [0, 3, 2, 2, 2, 2, 2, 2, 2, 2, 0], [0, 0, 0, 0, 0, 0, 0, 0, 0, 0, 0]]"
2026-05-29T19:10:50.114677,0,West,573.0,False,False,False,"[[0, 0, 0, 0, 0, 0, 0, 0, 0, 0, 0], [0, 2, 2, 2, 2, 1, 1, 1, 1, 1, 0], [0, 2, 0, 0, 0, 1, 0, 0, 0, 4, 0], [0, 2, 0, 1, 1, 1, 1, 1, 0, 1, 0], [0, 2, 2, 1, 0, 1, 0, 1, 1, 1, 0], [0, 0, 0, 1, 0, 1, 0, 2, 0, 0, 0], [0, 1, 1, 1, 2, 1, 1, 1, 2, 2, 0], [0, 1, 0, 2, 0, 0, 0, 1, 0, 2, 0], [0, 1, 0, 2, 0, 1, 0, 1, 0, 2, 0], [0, 1, 0, 2, 0, 1, 1, 1, 0, 2, 0], [0, 2, 0, 2, 0, 1, 1, 1, 0, 2, 0], [0, 2, 0, 2, 0, 1, 0, 1, 0, 2, 0], [0, 2, 0, 2, 0, 0, 0, 1, 0, 2, 0], [0, 2, 2, 2, 4, 2, 2, 1, 2, 2, 0], [0, 0, 0, 1, 0, 2, 0, 1, 0, 0, 0], [0, 2, 2, 1, 0, 2, 0, 1, 2, 2, 0], [0, 2, 0, 5, 1, 1, 1, 1, 0, 2, 0], [0, 2, 0, 0, 0, 2, 0, 0, 0, 2, 0], [0, 3, 2, 2, 2, 2, 2, 2, 2, 2, 0], [0, 0, 0, 0, 0, 0, 0, 0, 0, 0, 0]]"
2026-05-29T19:10:50.118551,0,East,572.0,False,False,False,"[[0, 0, 0, 0, 0, 0, 0, 0, 0, 0, 0], [0, 2, 2, 2, 2, 1, 1, 1, 1, 1, 0], [0, 2, 0, 0, 0, 1, 0, 0, 0, 1, 0], [0, 2, 0, 1, 1, 1, 1, 1, 0, 4, 0], [0, 2, 2, 1, 0, 1, 0, 1, 1, 1, 0], [0, 0, 0, 1, 0, 1, 0, 2, 0, 0, 0], [0, 1, 1, 1, 2, 1, 1, 1, 2, 2, 0], [0, 1, 0, 2, 0, 0, 0, 1, 0, 2, 0], [0, 1, 0, 2, 0, 1, 0, 1, 0, 2, 0], [0, 1, 0, 2, 0, 1, 1, 1, 0, 2, 0], [0, 2, 0, 2, 0, 1, 1, 1, 0, 2, 0], [0, 2, 0, 2, 0, 1, 0, 1, 0, 2, 0], [0, 2, 0, 2, 0, 0, 0, 1, 0, 2, 0], [0, 2, 2, 4, 2, 2, 2, 1, 2, 2, 0], [0, 0, 0, 1, 0, 2, 0, 1, 0, 0, 0], [0, 2, 2, 5, 0, 2, 0, 1, 2, 2, 0], [0, 2, 0, 1, 1, 1, 1, 1, 0, 2, 0], [0, 2, 0, 0, 0, 2, 0, 0, 0, 2, 0], [0, 3, 2, 2, 2, 2, 2, 2, 2, 2, 0], [0, 0, 0, 0, 0, 0, 0, 0, 0, 0, 0]]"
2026-05-29T19:10:50.122194,0,North,571.0,False,False,False,"[[0, 0, 0, 0, 0, 0, 0, 0, 0, 0, 0], [0, 2, 2, 2, 2, 1, 1, 1, 1, 1, 0], [0, 2, 0, 0, 0, 1, 0, 0, 0, 1, 0], [0, 2, 0, 1, 1, 1, 1, 1, 0, 4, 0], [0, 2, 2, 1, 0, 1, 0, 1, 1, 1, 0], [0, 0, 0, 1, 0, 1, 0, 2, 0, 0, 0], [0, 1, 1, 1, 2, 1, 1, 1, 2, 2, 0], [0, 1, 0, 2, 0, 0, 0, 1, 0, 2, 0], [0, 1, 0, 2, 0, 1, 0, 1, 0, 2, 0], [0, 1, 0, 2, 0, 1, 1, 1, 0, 2, 0], [0, 2, 0, 2, 0, 1, 1, 1, 0, 2, 0], [0, 2, 0, 2, 0, 1, 0, 1, 0, 2, 0], [0, 2, 0, 2, 0, 0, 0, 1, 0, 2, 0], [0, 2, 2, 2, 2, 2, 2, 1, 2, 2, 0], [0, 0, 0, 4, 0, 2, 0, 1, 0, 0, 0], [0, 2, 2, 1, 0, 2, 0, 1, 2, 2, 0], [0, 2, 0, 5, 1, 1, 1, 1, 0, 2, 0], [0, 2, 0, 0, 0, 2, 0, 0, 0, 2, 0], [0, 3, 2, 2, 2, 2, 2, 2, 2, 2, 0], [0, 0, 0, 0, 0, 0, 0, 0, 0, 0, 0]]"
2026-05-29T19:10:50.126155,0,North,570.0,False,False,False,"[[0, 0, 0, 0, 0, 0, 0, 0, 0, 0, 0], [0, 2, 2, 2, 2, 1, 1, 1, 1, 1, 0], [0, 2, 0, 0, 0, 1, 0, 0, 0, 1, 0], [0, 2, 0, 1, 1, 1, 1, 1, 0, 1, 0], [0, 2, 2, 1, 0, 1, 0, 1, 1, 4, 0], [0, 0, 0, 1, 0, 1, 0, 2, 0, 0, 0], [0, 1, 1, 1, 2, 1, 1, 1, 2, 2, 0], [0, 1, 0, 2, 0, 0, 0, 1, 0, 2, 0], [0, 1, 0, 2, 0, 1, 0, 1, 0, 2, 0], [0, 1, 0, 2, 0, 1, 1, 1, 0, 2, 0], [0, 2, 0, 2, 0, 1, 1, 1, 0, 2, 0], [0, 2, 0, 2, 0, 1, 0, 1, 0, 2, 0], [0, 2, 0, 2, 0, 0, 0, 1, 0, 2, 0], [0, 2, 2, 2, 2, 2, 2, 1, 2, 2, 0], [0, 0, 0, 1, 0, 2, 0, 1, 0, 0, 0], [0, 2, 2, 4, 0, 2, 0, 1, 2, 2, 0], [0, 2, 0, 1, 5, 1, 1, 1, 0, 2, 0], [0, 2, 0, 0, 0, 2, 0, 0, 0, 2, 0], [0, 3, 2, 2, 2, 2, 2, 2, 2, 2, 0], [0, 0, 0, 0, 0, 0, 0, 0, 0, 0, 0]]"
2026-05-29T19:10:50.130759,0,West,569.0,False,False,False,"[[0, 0, 0, 0, 0, 0, 0, 0, 0, 0, 0], [0, 2, 2, 2, 2, 1, 1, 1, 1, 1, 0], [0, 2, 0, 0, 0, 1, 0, 0, 0, 1, 0], [0, 2, 0, 1, 1, 1, 1, 1, 0, 1, 0], [0, 2, 2, 1, 0, 1, 0, 1, 4, 1, 0], [0, 0, 0, 1, 0, 1, 0, 2, 0, 0, 0], [0, 1, 1, 1, 2, 1, 1, 1, 2, 2, 0], [0, 1, 0, 2, 0, 0, 0, 1, 0, 2, 0], [0, 1, 0, 2, 0, 1, 0, 1, 0, 2, 0], [0, 1, 0, 2, 0, 1, 1, 1, 0, 2, 0], [0, 2, 0, 2, 0, 1, 1, 1, 0, 2, 0], [0, 2, 0, 2, 0, 1, 0, 1, 0, 2, 0], [0, 2, 0, 2, 0, 0, 0, 1, 0, 2, 0], [0, 2, 2, 2, 2, 2, 2, 1, 2, 2, 0], [0, 0, 0, 1, 0, 2, 0, 1, 0, 0, 0], [0, 2, 2, 1, 0, 2, 0, 1, 2, 2, 0], [0, 2, 0, 4, 1, 5, 1, 1, 0, 2, 0], [0, 2, 0, 0, 0, 2, 0, 0, 0, 2, 0], [0, 3, 2, 2, 2, 2, 2, 2, 2, 2, 0], [0, 0, 0, 0, 0, 0, 0, 0, 0, 0, 0]]"
2026-05-29T19:10:50.134177,0,West,578.0,False,False,False,"[[0, 0, 0, 0, 0, 0, 0, 0, 0, 0, 0], [0, 2, 2, 2, 2, 1, 1, 1, 1, 1, 0], [0, 2, 0, 0, 0, 1, 0, 0, 0, 1, 0], [0, 2, 0, 1, 1, 1, 1, 1, 0, 1, 0], [0, 2, 2, 1, 0, 1, 0, 1, 4, 1, 0], [0, 0, 0, 1, 0, 1, 0, 2, 0, 0, 0], [0, 1, 1, 1, 2, 1, 1, 1, 2, 2, 0], [0, 1, 0, 2, 0, 0, 0, 1, 0, 2, 0], [0, 1, 0, 2, 0, 1, 0, 1, 0, 2, 0], [0, 1, 0, 2, 0, 1, 1, 1, 0, 2, 0], [0, 2, 0, 2, 0, 1, 1, 1, 0, 2, 0], [0, 2, 0, 2, 0, 1, 0, 1, 0, 2, 0], [0, 2, 0, 2, 0, 0, 0, 1, 0, 2, 0], [0, 2, 2, 2, 2, 2, 2, 1, 2, 2, 0], [0, 0, 0, 1, 0, 2, 0, 1, 0, 0, 0], [0, 2, 2, 1, 0, 5, 0, 1, 2, 2, 0], [0, 2, 0, 1, 4, 1, 1, 1, 0, 2, 0], [0, 2, 0, 0, 0, 2, 0, 0, 0, 2, 0], [0, 3, 2, 2, 2, 2, 2, 2, 2, 2, 0], [0, 0, 0, 0, 0, 0, 0, 0, 0, 0, 0]]"
2026-05-29T19:10:50.138230,0,West,587.0,False,False,False,"[[0, 0, 0, 0, 0, 0, 0, 0, 0, 0, 0], [0, 2, 2, 2, 2, 1, 1, 1, 1, 1, 0], [0, 2, 0, 0, 0, 1, 0, 0, 0, 1, 0], [0, 2, 0, 1, 1, 1, 1, 1, 0, 1, 0], [0, 2, 2, 1, 0, 1, 0, 4, 1, 1, 0], [0, 0, 0, 1, 0, 1, 0, 2, 0, 0, 0], [0, 1, 1, 1, 2, 1, 1, 1, 2, 2, 0], [0, 1, 0, 2, 0, 0, 0, 1, 0, 2, 0], [0, 1, 0, 2, 0, 1, 0, 1, 0, 2, 0], [0, 1, 0, 2, 0, 1, 1, 1, 0, 2, 0], [0, 2, 0, 2, 0, 1, 1, 1, 0, 2, 0], [0, 2, 0, 2, 0, 1, 0, 1, 0, 2, 0], [0, 2, 0, 2, 0, 0, 0, 1, 0, 2, 0], [0, 2, 2, 2, 2, 2, 2, 1, 2, 2, 0], [0, 0, 0, 1, 0, 5, 0, 1, 0, 0, 0], [0, 2, 2, 1, 0, 1, 0, 1, 2, 2, 0], [0, 2, 0, 1, 1, 4, 1, 1, 0, 2, 0], [0, 2, 0, 0, 0, 2, 0, 0, 0, 2, 0], [0, 3, 2, 2, 2, 2, 2, 2, 2, 2, 0], [0, 0, 0, 0, 0, 0, 0, 0, 0, 0, 0]]"
2026-05-29T19:10:50.142402,0,South,596.0,False,False,False,"[[0, 0, 0, 0, 0, 0, 0, 0, 0, 0, 0], [0, 2, 2, 2, 2, 1, 1, 1, 1, 1, 0], [0, 2, 0, 0, 0, 1, 0, 0, 0, 1, 0], [0, 2, 0, 1, 1, 1, 1, 1, 0, 1, 0], [0, 2, 2, 1, 0, 1, 0, 1, 1, 1, 0], [0, 0, 0, 1, 0, 1, 0, 4, 0, 0, 0], [0, 1, 1, 1, 2, 1, 1, 1, 2, 2, 0], [0, 1, 0, 2, 0, 0, 0, 1, 0, 2, 0], [0, 1, 0, 2, 0, 1, 0, 1, 0, 2, 0], [0, 1, 0, 2, 0, 1, 1, 1, 0, 2, 0], [0, 2, 0, 2, 0, 1, 1, 1, 0, 2, 0], [0, 2, 0, 2, 0, 1, 0, 1, 0, 2, 0], [0, 2, 0, 2, 0, 0, 0, 1, 0, 2, 0], [0, 2, 2, 2, 2, 5, 2, 1, 2, 2, 0], [0, 0, 0, 1, 0, 1, 0, 1, 0, 0, 0], [0, 2, 2, 1, 0, 4, 0, 1, 2, 2, 0], [0, 2, 0, 1, 1, 1, 1, 1, 0, 2, 0], [0, 2, 0, 0, 0, 2, 0, 0, 0, 2, 0], [0, 3, 2, 2, 2, 2, 2, 2, 2, 2, 0], [0, 0, 0, 0, 0, 0, 0, 0, 0, 0, 0]]"
2026-05-29T19:10:50.146079,0,South,605.0,False,False,False,"[[0, 0, 0, 0, 0, 0, 0, 0, 0, 0, 0], [0, 2, 2, 2, 2, 1, 1, 1, 1, 1, 0], [0, 2, 0, 0, 0, 1, 0, 0, 0, 1, 0], [0, 2, 0, 1, 1, 1, 1, 1, 0, 1, 0], [0, 2, 2, 1, 0, 1, 0, 1, 1, 1, 0], [0, 0, 0, 1, 0, 1, 0, 2, 0, 0, 0], [0, 1, 1, 1, 2, 1, 1, 4, 2, 2, 0], [0, 1, 0, 2, 0, 0, 0, 1, 0, 2, 0], [0, 1, 0, 2, 0, 1, 0, 1, 0, 2, 0], [0, 1, 0, 2, 0, 1, 1, 1, 0, 2, 0], [0, 2, 0, 2, 0, 1, 1, 1, 0, 2, 0], [0, 2, 0, 2, 0, 1, 0, 1, 0, 2, 0], [0, 2, 0, 2, 0, 0, 0, 1, 0, 2, 0], [0, 2, 2, 2, 5, 1, 2, 1, 2, 2, 0], [0, 0, 0, 1, 0, 4, 0, 1, 0, 0, 0], [0, 2, 2, 1, 0, 1, 0, 1, 2, 2, 0], [0, 2, 0, 1, 1, 1, 1, 1, 0, 2, 0], [0, 2, 0, 0, 0, 2, 0, 0, 0, 2, 0], [0, 3, 2, 2, 2, 2, 2, 2, 2, 2, 0], [0, 0, 0, 0, 0, 0, 0, 0, 0, 0, 0]]"
2026-05-29T19:10:50.150631,0,West,614.0,False,False,False,"[[0, 0, 0, 0, 0, 0, 0, 0, 0, 0, 0], [0, 2, 2, 2, 2, 1, 1, 1, 1, 1, 0], [0, 2, 0, 0, 0, 1, 0, 0, 0, 1, 0], [0, 2, 0, 1, 1, 1, 1, 1, 0, 1, 0], [0, 2, 2, 1, 0, 1, 0, 1, 1, 1, 0], [0, 0, 0, 1, 0, 1, 0, 2, 0, 0, 0], [0, 1, 1, 1, 2, 1, 1, 1, 2, 2, 0], [0, 1, 0, 2, 0, 0, 0, 4, 0, 2, 0], [0, 1, 0, 2, 0, 1, 0, 1, 0, 2, 0], [0, 1, 0, 2, 0, 1, 1, 1, 0, 2, 0], [0, 2, 0, 2, 0, 1, 1, 1, 0, 2, 0], [0, 2, 0, 2, 0, 1, 0, 1, 0, 2, 0], [0, 2, 0, 2, 0, 0, 0, 1, 0, 2, 0], [0, 2, 2, 5, 1, 4, 2, 1, 2, 2, 0], [0, 0, 0, 1, 0, 1, 0, 1, 0, 0, 0], [0, 2, 2, 1, 0, 1, 0, 1, 2, 2, 0], [0, 2, 0, 1, 1, 1, 1, 1, 0, 2, 0], [0, 2, 0, 0, 0, 2, 0, 0, 0, 2, 0], [0, 3, 2, 2, 2, 2, 2, 2, 2, 2, 0], [0, 0, 0, 0, 0, 0, 0, 0, 0, 0, 0]]"
2026-05-29T19:10:50.153910,0,West,623.0,False,False,False,"[[0, 0, 0, 0, 0, 0, 0, 0, 0, 0, 0], [0, 2, 2, 2, 2, 1, 1, 1, 1, 1, 0], [0, 2, 0, 0, 0, 1, 0, 0, 0, 1, 0], [0, 2, 0, 1, 1, 1, 1, 1, 0, 1, 0], [0, 2, 2, 1, 0, 1, 0, 1, 1, 1, 0], [0, 0, 0, 1, 0, 1, 0, 2, 0, 0, 0], [0, 1, 1, 1, 2, 1, 1, 1, 2, 2, 0], [0, 1, 0, 2, 0, 0, 0, 1, 0, 2, 0], [0, 1, 0, 2, 0, 1, 0, 4, 0, 2, 0], [0, 1, 0, 2, 0, 1, 1, 1, 0, 2, 0], [0, 2, 0, 2, 0, 1, 1, 1, 0, 2, 0], [0, 2, 0, 2, 0, 1, 0, 1, 0, 2, 0], [0, 2, 0, 5, 0, 0, 0, 1, 0, 2, 0], [0, 2, 2, 1, 4, 1, 2, 1, 2, 2, 0], [0, 0, 0, 1, 0, 1, 0, 1, 0, 0, 0], [0, 2, 2, 1, 0, 1, 0, 1, 2, 2, 0], [0, 2, 0, 1, 1, 1, 1, 1, 0, 2, 0], [0, 2, 0, 0, 0, 2, 0, 0, 0, 2, 0], [0, 3, 2, 2, 2, 2, 2, 2, 2, 2, 0], [0, 0, 0, 0, 0, 0, 0, 0, 0, 0, 0]]"
2026-05-29T19:10:50.157912,0,West,632.0,False,False,False,"[[0, 0, 0, 0, 0, 0, 0, 0, 0, 0, 0], [0, 2, 2, 2, 2, 1, 1, 1, 1, 1, 0], [0, 2, 0, 0, 0, 1, 0, 0, 0, 1, 0], [0, 2, 0, 1, 1, 1, 1, 1, 0, 1, 0], [0, 2, 2, 1, 0, 1, 0, 1, 1, 1, 0], [0, 0, 0, 1, 0, 1, 0, 2, 0, 0, 0], [0, 1, 1, 1, 2, 1, 1, 1, 2, 2, 0], [0, 1, 0, 2, 0, 0, 0, 1, 0, 2, 0], [0, 1, 0, 2, 0, 1, 0, 1, 0, 2, 0], [0, 1, 0, 2, 0, 1, 1, 4, 0, 2, 0], [0, 2, 0, 2, 0, 1, 1, 1, 0, 2, 0], [0, 2, 0, 5, 0, 1, 0, 1, 0, 2, 0], [0, 2, 0, 1, 0, 0, 0, 1, 0, 2, 0], [0, 2, 2, 4, 1, 1, 2, 1, 2, 2, 0], [0, 0, 0, 1, 0, 1, 0, 1, 0, 0, 0], [0, 2, 2, 1, 0, 1, 0, 1, 2, 2, 0], [0, 2, 0, 1, 1, 1, 1, 1, 0, 2, 0], [0, 2, 0, 0, 0, 2, 0, 0, 0, 2, 0], [0, 3, 2, 2, 2, 2, 2, 2, 2, 2, 0], [0, 0, 0, 0, 0, 0, 0, 0, 0, 0, 0]]"
2026-05-29T19:10:50.162295,0,West,641.0,False,False,False,"[[0, 0, 0, 0, 0, 0, 0, 0, 0, 0, 0], [0, 2, 2, 2, 2, 1, 1, 1, 1, 1, 0], [0, 2, 0, 0, 0, 1, 0, 0, 0, 1, 0], [0, 2, 0, 1, 1, 1, 1, 1, 0, 1, 0], [0, 2, 2, 1, 0, 1, 0, 1, 1, 1, 0], [0, 0, 0, 1, 0, 1, 0, 2, 0, 0, 0], [0, 1, 1, 1, 2, 1, 1, 1, 2, 2, 0], [0, 1, 0, 2, 0, 0, 0, 1, 0, 2, 0], [0, 1, 0, 2, 0, 1, 0, 1, 0, 2, 0], [0, 1, 0, 2, 0, 1, 4, 1, 0, 2, 0], [0, 2, 0, 5, 0, 1, 1, 1, 0, 2, 0], [0, 2, 0, 1, 0, 1, 0, 1, 0, 2, 0], [0, 2, 0, 4, 0, 0, 0, 1, 0, 2, 0], [0, 2, 2, 1, 1, 1, 2, 1, 2, 2, 0], [0, 0, 0, 1, 0, 1, 0, 1, 0, 0, 0], [0, 2, 2, 1, 0, 1, 0, 1, 2, 2, 0], [0, 2, 0, 1, 1, 1, 1, 1, 0, 2, 0], [0, 2, 0, 0, 0, 2, 0, 0, 0, 2, 0], [0, 3, 2, 2, 2, 2, 2, 2, 2, 2, 0], [0, 0, 0, 0, 0, 0, 0, 0, 0, 0, 0]]"
2026-05-29T19:10:50.165782,0,West,650.0,False,False,False,"[[0, 0, 0, 0, 0, 0, 0, 0, 0, 0, 0], [0, 2, 2, 2, 2, 1, 1, 1, 1, 1, 0], [0, 2, 0, 0, 0, 1, 0, 0, 0, 1, 0], [0, 2, 0, 1, 1, 1, 1, 1, 0, 1, 0], [0, 2, 2, 1, 0, 1, 0, 1, 1, 1, 0], [0, 0, 0, 1, 0, 1, 0, 2, 0, 0, 0], [0, 1, 1, 1, 2, 1, 1, 1, 2, 2, 0], [0, 1, 0, 2, 0, 0, 0, 1, 0, 2, 0], [0, 1, 0, 2, 0, 1, 0, 1, 0, 2, 0], [0, 1, 0, 5, 0, 4, 1, 1, 0, 2, 0], [0, 2, 0, 1, 0, 1, 1, 1, 0, 2, 0], [0, 2, 0, 4, 0, 1, 0, 1, 0, 2, 0], [0, 2, 0, 1, 0, 0, 0, 1, 0, 2, 0], [0, 2, 2, 1, 1, 1, 2, 1, 2, 2, 0], [0, 0, 0, 1, 0, 1, 0, 1, 0, 0, 0], [0, 2, 2, 1, 0, 1, 0, 1, 2, 2, 0], [0, 2, 0, 1, 1, 1, 1, 1, 0, 2, 0], [0, 2, 0, 0, 0, 2, 0, 0, 0, 2, 0], [0, 3, 2, 2, 2, 2, 2, 2, 2, 2, 0], [0, 0, 0, 0, 0, 0, 0, 0, 0, 0, 0]]"
2026-05-29T19:10:50.168680,0,West,659.0,False,False,False,"[[0, 0, 0, 0, 0, 0, 0, 0, 0, 0, 0], [0, 2, 2, 2, 2, 1, 1, 1, 1, 1, 0], [0, 2, 0, 0, 0, 1, 0, 0, 0, 1, 0], [0, 2, 0, 1, 1, 1, 1, 1, 0, 1, 0], [0, 2, 2, 1, 0, 1, 0, 1, 1, 1, 0], [0, 0, 0, 1, 0, 1, 0, 2, 0, 0, 0], [0, 1, 1, 1, 2, 1, 1, 1, 2, 2, 0], [0, 1, 0, 2, 0, 0, 0, 1, 0, 2, 0], [0, 1, 0, 5, 0, 4, 0, 1, 0, 2, 0], [0, 1, 0, 1, 0, 1, 1, 1, 0, 2, 0], [0, 2, 0, 4, 0, 1, 1, 1, 0, 2, 0], [0, 2, 0, 1, 0, 1, 0, 1, 0, 2, 0], [0, 2, 0, 1, 0, 0, 0, 1, 0, 2, 0], [0, 2, 2, 1, 1, 1, 2, 1, 2, 2, 0], [0, 0, 0, 1, 0, 1, 0, 1, 0, 0, 0], [0, 2, 2, 1, 0, 1, 0, 1, 2, 2, 0], [0, 2, 0, 1, 1, 1, 1, 1, 0, 2, 0], [0, 2, 0, 0, 0, 2, 0, 0, 0, 2, 0], [0, 3, 2, 2, 2, 2, 2, 2, 2, 2, 0], [0, 0, 0, 0, 0, 0, 0, 0, 0, 0, 0]]"
2026-05-29T19:10:50.172377,0,West,668.0,False,False,False,"[[0, 0, 0, 0, 0, 0, 0, 0, 0, 0, 0], [0, 2, 2, 2, 2, 1, 1, 1, 1, 1, 0], [0, 2, 0, 0, 0, 1, 0, 0, 0, 1, 0], [0, 2, 0, 1, 1, 1, 1, 1, 0, 1, 0], [0, 2, 2, 1, 0, 1, 0, 1, 1, 1, 0], [0, 0, 0, 1, 0, 1, 0, 2, 0, 0, 0], [0, 1, 1, 1, 2, 1, 1, 1, 2, 2, 0], [0, 1, 0, 5, 0, 0, 0, 1, 0, 2, 0], [0, 1, 0, 1, 0, 1, 0, 1, 0, 2, 0], [0, 1, 0, 4, 0, 4, 1, 1, 0, 2, 0], [0, 2, 0, 1, 0, 1, 1, 1, 0, 2, 0], [0, 2, 0, 1, 0, 1, 0, 1, 0, 2, 0], [0, 2, 0, 1, 0, 0, 0, 1, 0, 2, 0], [0, 2, 2, 1, 1, 1, 2, 1, 2, 2, 0], [0, 0, 0, 1, 0, 1, 0, 1, 0, 0, 0], [0, 2, 2, 1, 0, 1, 0, 1, 2, 2, 0], [0, 2, 0, 1, 1, 1, 1, 1, 0, 2, 0], [0, 2, 0, 0, 0, 2, 0, 0, 0, 2, 0], [0, 3, 2, 2, 2, 2, 2, 2, 2, 2, 0], [0, 0, 0, 0, 0, 0, 0, 0, 0, 0, 0]]"
2026-05-29T19:10:50.176864,0,West,667.0,False,False,False,"[[0, 0, 0, 0, 0, 0, 0, 0, 0, 0, 0], [0, 2, 2, 2, 2, 1, 1, 1, 1, 1, 0], [0, 2, 0, 0, 0, 1, 0, 0, 0, 1, 0], [0, 2, 0, 1, 1, 1, 1, 1, 0, 1, 0], [0, 2, 2, 1, 0, 1, 0, 1, 1, 1, 0], [0, 0, 0, 1, 0, 1, 0, 2, 0, 0, 0], [0, 1, 1, 5, 2, 1, 1, 1, 2, 2, 0], [0, 1, 0, 1, 0, 0, 0, 1, 0, 2, 0], [0, 1, 0, 4, 0, 1, 0, 1, 0, 2, 0], [0, 1, 0, 1, 0, 1, 1, 1, 0, 2, 0], [0, 2, 0, 1, 0, 4, 1, 1, 0, 2, 0], [0, 2, 0, 1, 0, 1, 0, 1, 0, 2, 0], [0, 2, 0, 1, 0, 0, 0, 1, 0, 2, 0], [0, 2, 2, 1, 1, 1, 2, 1, 2, 2, 0], [0, 0, 0, 1, 0, 1, 0, 1, 0, 0, 0], [0, 2, 2, 1, 0, 1, 0, 1, 2, 2, 0], [0, 2, 0, 1, 1, 1, 1, 1, 0, 2, 0], [0, 2, 0, 0, 0, 2, 0, 0, 0, 2, 0], [0, 3, 2, 2, 2, 2, 2, 2, 2, 2, 0], [0, 0, 0, 0, 0, 0, 0, 0, 0, 0, 0]]"
2026-05-29T19:10:50.179680,0,West,666.0,False,False,False,"[[0, 0, 0, 0, 0, 0, 0, 0, 0, 0, 0], [0, 2, 2, 2, 2, 1, 1, 1, 1, 1, 0], [0, 2, 0, 0, 0, 1, 0, 0, 0, 1, 0], [0, 2, 0, 1, 1, 1, 1, 1, 0, 1, 0], [0, 2, 2, 1, 0, 1, 0, 1, 1, 1, 0], [0, 0, 0, 5, 0, 1, 0, 2, 0, 0, 0], [0, 1, 1, 1, 2, 1, 1, 1, 2, 2, 0], [0, 1, 0, 4, 0, 0, 0, 1, 0, 2, 0], [0, 1, 0, 1, 0, 1, 0, 1, 0, 2, 0], [0, 1, 0, 1, 0, 1, 1, 1, 0, 2, 0], [0, 2, 0, 1, 0, 1, 1, 1, 0, 2, 0], [0, 2, 0, 1, 0, 4, 0, 1, 0, 2, 0], [0, 2, 0, 1, 0, 0, 0, 1, 0, 2, 0], [0, 2, 2, 1, 1, 1, 2, 1, 2, 2, 0], [0, 0, 0, 1, 0, 1, 0, 1, 0, 0, 0], [0, 2, 2, 1, 0, 1, 0, 1, 2, 2, 0], [0, 2, 0, 1, 1, 1, 1, 1, 0, 2, 0], [0, 2, 0, 0, 0, 2, 0, 0, 0, 2, 0], [0, 3, 2, 2, 2, 2, 2, 2, 2, 2, 0], [0, 0, 0, 0, 0, 0, 0, 0, 0, 0, 0]]"
2026-05-29T19:10:50.183155,0,West,665.0,False,False,False,"[[0, 0, 0, 0, 0, 0, 0, 0, 0, 0, 0], [0, 2, 2, 2, 2, 1, 1, 1, 1, 1, 0], [0, 2, 0, 0, 0, 1, 0, 0, 0, 1, 0], [0, 2, 0, 1, 1, 1, 1, 1, 0, 1, 0], [0, 2, 2, 5, 0, 1, 0, 1, 1, 1, 0], [0, 0, 0, 1, 0, 1, 0, 2, 0, 0, 0], [0, 1, 1, 4, 2, 1, 1, 1, 2, 2, 0], [0, 1, 0, 1, 0, 0, 0, 1, 0, 2, 0], [0, 1, 0, 1, 0, 1, 0, 1, 0, 2, 0], [0, 1, 0, 1, 0, 1, 1, 1, 0, 2, 0], [0, 2, 0, 1, 0, 4, 1, 1, 0, 2, 0], [0, 2, 0, 1, 0, 1, 0, 1, 0, 2, 0], [0, 2, 0, 1, 0, 0, 0, 1, 0, 2, 0], [0, 2, 2, 1, 1, 1, 2, 1, 2, 2, 0], [0, 0, 0, 1, 0, 1, 0, 1, 0, 0, 0], [0, 2, 2, 1, 0, 1, 0, 1, 2, 2, 0], [0, 2, 0, 1, 1, 1, 1, 1, 0, 2, 0], [0, 2, 0, 0, 0, 2, 0, 0, 0, 2, 0], [0, 3, 2, 2, 2, 2, 2, 2, 2, 2, 0], [0, 0, 0, 0, 0, 0, 0, 0, 0, 0, 0]]"
2026-05-29T19:10:50.186921,0,North,664.0,False,False,False,"[[0, 0, 0, 0, 0, 0, 0, 0, 0, 0, 0], [0, 2, 2, 2, 2, 1, 1, 1, 1, 1, 0], [0, 2, 0, 0, 0, 1, 0, 0, 0, 1, 0], [0, 2, 0, 5, 1, 1, 1, 1, 0, 1, 0], [0, 2, 2, 1, 0, 1, 0, 1, 1, 1, 0], [0, 0, 0, 4, 0, 1, 0, 2, 0, 0, 0], [0, 1, 1, 1, 2, 1, 1, 1, 2, 2, 0], [0, 1, 0, 1, 0, 0, 0, 1, 0, 2, 0], [0, 1, 0, 1, 0, 1, 0, 1, 0, 2, 0], [0, 1, 0, 1, 0, 4, 1, 1, 0, 2, 0], [0, 2, 0, 1, 0, 1, 1, 1, 0, 2, 0], [0, 2, 0, 1, 0, 1, 0, 1, 0, 2, 0], [0, 2, 0, 1, 0, 0, 0, 1, 0, 2, 0], [0, 2, 2, 1, 1, 1, 2, 1, 2, 2, 0], [0, 0, 0, 1, 0, 1, 0, 1, 0, 0, 0], [0, 2, 2, 1, 0, 1, 0, 1, 2, 2, 0], [0, 2, 0, 1, 1, 1, 1, 1, 0, 2, 0], [0, 2, 0, 0, 0, 2, 0, 0, 0, 2, 0], [0, 3, 2, 2, 2, 2, 2, 2, 2, 2, 0], [0, 0, 0, 0, 0, 0, 0, 0, 0, 0, 0]]"
2026-05-29T19:10:50.190107,0,North,663.0,False,False,False,"[[0, 0, 0, 0, 0, 0, 0, 0, 0, 0, 0], [0, 2, 2, 2, 2, 1, 1, 1, 1, 1, 0], [0, 2, 0, 0, 0, 1, 0, 0, 0, 1, 0], [0, 2, 0, 1, 5, 1, 1, 1, 0, 1, 0], [0, 2, 2, 4, 0, 1, 0, 1, 1, 1, 0], [0, 0, 0, 1, 0, 1, 0, 2, 0, 0, 0], [0, 1, 1, 1, 2, 1, 1, 1, 2, 2, 0], [0, 1, 0, 1, 0, 0, 0, 1, 0, 2, 0], [0, 1, 0, 1, 0, 4, 0, 1, 0, 2, 0], [0, 1, 0, 1, 0, 1, 1, 1, 0, 2, 0], [0, 2, 0, 1, 0, 1, 1, 1, 0, 2, 0], [0, 2, 0, 1, 0, 1, 0, 1, 0, 2, 0], [0, 2, 0, 1, 0, 0, 0, 1, 0, 2, 0], [0, 2, 2, 1, 1, 1, 2, 1, 2, 2, 0], [0, 0, 0, 1, 0, 1, 0, 1, 0, 0, 0], [0, 2, 2, 1, 0, 1, 0, 1, 2, 2, 0], [0, 2, 0, 1, 1, 1, 1, 1, 0, 2, 0], [0, 2, 0, 0, 0, 2, 0, 0, 0, 2, 0], [0, 3, 2, 2, 2, 2, 2, 2, 2, 2, 0], [0, 0, 0, 0, 0, 0, 0, 0, 0, 0, 0]]"
2026-05-29T19:10:50.195285,0,West,662.0,False,False,False,"[[0, 0, 0, 0, 0, 0, 0, 0, 0, 0, 0], [0, 2, 2, 2, 2, 1, 1, 1, 1, 1, 0], [0, 2, 0, 0, 0, 1, 0, 0, 0, 1, 0], [0, 2, 0, 4, 1, 5, 1, 1, 0, 1, 0], [0, 2, 2, 1, 0, 1, 0, 1, 1, 1, 0], [0, 0, 0, 1, 0, 1, 0, 2, 0, 0, 0], [0, 1, 1, 1, 2, 1, 1, 1, 2, 2, 0], [0, 1, 0, 1, 0, 0, 0, 1, 0, 2, 0], [0, 1, 0, 1, 0, 1, 0, 1, 0, 2, 0], [0, 1, 0, 1, 0, 4, 1, 1, 0, 2, 0], [0, 2, 0, 1, 0, 1, 1, 1, 0, 2, 0], [0, 2, 0, 1, 0, 1, 0, 1, 0, 2, 0], [0, 2, 0, 1, 0, 0, 0, 1, 0, 2, 0], [0, 2, 2, 1, 1, 1, 2, 1, 2, 2, 0], [0, 0, 0, 1, 0, 1, 0, 1, 0, 0, 0], [0, 2, 2, 1, 0, 1, 0, 1, 2, 2, 0], [0, 2, 0, 1, 1, 1, 1, 1, 0, 2, 0], [0, 2, 0, 0, 0, 2, 0, 0, 0, 2, 0], [0, 3, 2, 2, 2, 2, 2, 2, 2, 2, 0], [0, 0, 0, 0, 0, 0, 0, 0, 0, 0, 0]]"
2026-05-29T19:10:50.198901,0,West,661.0,False,False,False,"[[0, 0, 0, 0, 0, 0, 0, 0, 0, 0, 0], [0, 2, 2, 2, 2, 1, 1, 1, 1, 1, 0], [0, 2, 0, 0, 0, 5, 0, 0, 0, 1, 0], [0, 2, 0, 1, 4, 1, 1, 1, 0, 1, 0], [0, 2, 2, 1, 0, 1, 0, 1, 1, 1, 0], [0, 0, 0, 1, 0, 1, 0, 2, 0, 0, 0], [0, 1, 1, 1, 2, 1, 1, 1, 2, 2, 0], [0, 1, 0, 1, 0, 0, 0, 1, 0, 2, 0], [0, 1, 0, 1, 0, 1, 0, 1, 0, 2, 0], [0, 1, 0, 1, 0, 1, 4, 1, 0, 2, 0], [0, 2, 0, 1, 0, 1, 1, 1, 0, 2, 0], [0, 2, 0, 1, 0, 1, 0, 1, 0, 2, 0], [0, 2, 0, 1, 0, 0, 0, 1, 0, 2, 0], [0, 2, 2, 1, 1, 1, 2, 1, 2, 2, 0], [0, 0, 0, 1, 0, 1, 0, 1, 0, 0, 0], [0, 2, 2, 1, 0, 1, 0, 1, 2, 2, 0], [0, 2, 0, 1, 1, 1, 1, 1, 0, 2, 0], [0, 2, 0, 0, 0, 2, 0, 0, 0, 2, 0], [0, 3, 2, 2, 2, 2, 2, 2, 2, 2, 0], [0, 0, 0, 0, 0, 0, 0, 0, 0, 0, 0]]"
2026-05-29T19:10:50.202390,0,South,660.0,False,False,False,"[[0, 0, 0, 0, 0, 0, 0, 0, 0, 0, 0], [0, 2, 2, 2, 2, 5, 1, 1, 1, 1, 0], [0, 2, 0, 0, 0, 1, 0, 0, 0, 1, 0], [0, 2, 0, 1, 1, 4, 1, 1, 0, 1, 0], [0, 2, 2, 1, 0, 1, 0, 1, 1, 1, 0], [0, 0, 0, 1, 0, 1, 0, 2, 0, 0, 0], [0, 1, 1, 1, 2, 1, 1, 1, 2, 2, 0], [0, 1, 0, 1, 0, 0, 0, 1, 0, 2, 0], [0, 1, 0, 1, 0, 1, 0, 1, 0, 2, 0], [0, 1, 0, 1, 0, 1, 1, 4, 0, 2, 0], [0, 2, 0, 1, 0, 1, 1, 1, 0, 2, 0], [0, 2, 0, 1, 0, 1, 0, 1, 0, 2, 0], [0, 2, 0, 1, 0, 0, 0, 1, 0, 2, 0], [0, 2, 2, 1, 1, 1, 2, 1, 2, 2, 0], [0, 0, 0, 1, 0, 1, 0, 1, 0, 0, 0], [0, 2, 2, 1, 0, 1, 0, 1, 2, 2, 0], [0, 2, 0, 1, 1, 1, 1, 1, 0, 2, 0], [0, 2, 0, 0, 0, 2, 0, 0, 0, 2, 0], [0, 3, 2, 2, 2, 2, 2, 2, 2, 2, 0], [0, 0, 0, 0, 0, 0, 0, 0, 0, 0, 0]]"
2026-05-29T19:10:50.206195,0,South,669.0,False,False,False,"[[0, 0, 0, 0, 0, 0, 0, 0, 0, 0, 0], [0, 2, 2, 2, 5, 1, 1, 1, 1, 1, 0], [0, 2, 0, 0, 0, 4, 0, 0, 0, 1, 0], [0, 2, 0, 1, 1, 1, 1, 1, 0, 1, 0], [0, 2, 2, 1, 0, 1, 0, 1, 1, 1, 0], [0, 0, 0, 1, 0, 1, 0, 2, 0, 0, 0], [0, 1, 1, 1, 2, 1, 1, 1, 2, 2, 0], [0, 1, 0, 1, 0, 0, 0, 1, 0, 2, 0], [0, 1, 0, 1, 0, 1, 0, 4, 0, 2, 0], [0, 1, 0, 1, 0, 1, 1, 1, 0, 2, 0], [0, 2, 0, 1, 0, 1, 1, 1, 0, 2, 0], [0, 2, 0, 1, 0, 1, 0, 1, 0, 2, 0], [0, 2, 0, 1, 0, 0, 0, 1, 0, 2, 0], [0, 2, 2, 1, 1, 1, 2, 1, 2, 2, 0], [0, 0, 0, 1, 0, 1, 0, 1, 0, 0, 0], [0, 2, 2, 1, 0, 1, 0, 1, 2, 2, 0], [0, 2, 0, 1, 1, 1, 1, 1, 0, 2, 0], [0, 2, 0, 0, 0, 2, 0, 0, 0, 2, 0], [0, 3, 2, 2, 2, 2, 2, 2, 2, 2, 0], [0, 0, 0, 0, 0, 0, 0, 0, 0, 0, 0]]"
2026-05-29T19:10:50.209177,0,South,678.0,False,False,False,"[[0, 0, 0, 0, 0, 0, 0, 0, 0, 0, 0], [0, 2, 2, 5, 1, 4, 1, 1, 1, 1, 0], [0, 2, 0, 0, 0, 1, 0, 0, 0, 1, 0], [0, 2, 0, 1, 1, 1, 1, 1, 0, 1, 0], [0, 2, 2, 1, 0, 1, 0, 1, 1, 1, 0], [0, 0, 0, 1, 0, 1, 0, 2, 0, 0, 0], [0, 1, 1, 1, 2, 1, 1, 1, 2, 2, 0], [0, 1, 0, 1, 0, 0, 0, 4, 0, 2, 0], [0, 1, 0, 1, 0, 1, 0, 1, 0, 2, 0], [0, 1, 0, 1, 0, 1, 1, 1, 0, 2, 0], [0, 2, 0, 1, 0, 1, 1, 1, 0, 2, 0], [0, 2, 0, 1, 0, 1, 0, 1, 0, 2, 0], [0, 2, 0, 1, 0, 0, 0, 1, 0, 2, 0], [0, 2, 2, 1, 1, 1, 2, 1, 2, 2, 0], [0, 0, 0, 1, 0, 1, 0, 1, 0, 0, 0], [0, 2, 2, 1, 0, 1, 0, 1, 2, 2, 0], [0, 2, 0, 1, 1, 1, 1, 1, 0, 2, 0], [0, 2, 0, 0, 0, 2, 0, 0, 0, 2, 0], [0, 3, 2, 2, 2, 2, 2, 2, 2, 2, 0], [0, 0, 0, 0, 0, 0, 0, 0, 0, 0, 0]]"
2026-05-29T19:10:50.212694,0,South,687.0,False,False,False,"[[0, 0, 0, 0, 0, 0, 0, 0, 0, 0, 0], [0, 2, 5, 1, 4, 1, 1, 1, 1, 1, 0], [0, 2, 0, 0, 0, 1, 0, 0, 0, 1, 0], [0, 2, 0, 1, 1, 1, 1, 1, 0, 1, 0], [0, 2, 2, 1, 0, 1, 0, 1, 1, 1, 0], [0, 0, 0, 1, 0, 1, 0, 2, 0, 0, 0], [0, 1, 1, 1, 2, 1, 1, 4, 2, 2, 0], [0, 1, 0, 1, 0, 0, 0, 1, 0, 2, 0], [0, 1, 0, 1, 0, 1, 0, 1, 0, 2, 0], [0, 1, 0, 1, 0, 1, 1, 1, 0, 2, 0], [0, 2, 0, 1, 0, 1, 1, 1, 0, 2, 0], [0, 2, 0, 1, 0, 1, 0, 1, 0, 2, 0], [0, 2, 0, 1, 0, 0, 0, 1, 0, 2, 0], [0, 2, 2, 1, 1, 1, 2, 1, 2, 2, 0], [0, 0, 0, 1, 0, 1, 0, 1, 0, 0, 0], [0, 2, 2, 1, 0, 1, 0, 1, 2, 2, 0], [0, 2, 0, 1, 1, 1, 1, 1, 0, 2, 0], [0, 2, 0, 0, 0, 2, 0, 0, 0, 2, 0], [0, 3, 2, 2, 2, 2, 2, 2, 2, 2, 0], [0, 0, 0, 0, 0, 0, 0, 0, 0, 0, 0]]"
2026-05-29T19:10:50.218431,0,East,696.0,False,False,False,"[[0, 0, 0, 0, 0, 0, 0, 0, 0, 0, 0], [0, 5, 1, 4, 1, 1, 1, 1, 1, 1, 0], [0, 2, 0, 0, 0, 1, 0, 0, 0, 1, 0], [0, 2, 0, 1, 1, 1, 1, 1, 0, 1, 0], [0, 2, 2, 1, 0, 1, 0, 1, 1, 1, 0], [0, 0, 0, 1, 0, 1, 0, 4, 0, 0, 0], [0, 1, 1, 1, 2, 1, 1, 1, 2, 2, 0], [0, 1, 0, 1, 0, 0, 0, 1, 0, 2, 0], [0, 1, 0, 1, 0, 1, 0, 1, 0, 2, 0], [0, 1, 0, 1, 0, 1, 1, 1, 0, 2, 0], [0, 2, 0, 1, 0, 1, 1, 1, 0, 2, 0], [0, 2, 0, 1, 0, 1, 0, 1, 0, 2, 0], [0, 2, 0, 1, 0, 0, 0, 1, 0, 2, 0], [0, 2, 2, 1, 1, 1, 2, 1, 2, 2, 0], [0, 0, 0, 1, 0, 1, 0, 1, 0, 0, 0], [0, 2, 2, 1, 0, 1, 0, 1, 2, 2, 0], [0, 2, 0, 1, 1, 1, 1, 1, 0, 2, 0], [0, 2, 0, 0, 0, 2, 0, 0, 0, 2, 0], [0, 3, 2, 2, 2, 2, 2, 2, 2, 2, 0], [0, 0, 0, 0, 0, 0, 0, 0, 0, 0, 0]]"
2026-05-29T19:10:50.222289,0,East,705.0,False,False,False,"[[0, 0, 0, 0, 0, 0, 0, 0, 0, 0, 0], [0, 1, 4, 1, 1, 1, 1, 1, 1, 1, 0], [0, 5, 0, 0, 0, 1, 0, 0, 0, 1, 0], [0, 2, 0, 1, 1, 1, 1, 1, 0, 1, 0], [0, 2, 2, 1, 0, 1, 0, 4, 1, 1, 0], [0, 0, 0, 1, 0, 1, 0, 2, 0, 0, 0], [0, 1, 1, 1, 2, 1, 1, 1, 2, 2, 0], [0, 1, 0, 1, 0, 0, 0, 1, 0, 2, 0], [0, 1, 0, 1, 0, 1, 0, 1, 0, 2, 0], [0, 1, 0, 1, 0, 1, 1, 1, 0, 2, 0], [0, 2, 0, 1, 0, 1, 1, 1, 0, 2, 0], [0, 2, 0, 1, 0, 1, 0, 1, 0, 2, 0], [0, 2, 0, 1, 0, 0, 0, 1, 0, 2, 0], [0, 2, 2, 1, 1, 1, 2, 1, 2, 2, 0], [0, 0, 0, 1, 0, 1, 0, 1, 0, 0, 0], [0, 2, 2, 1, 0, 1, 0, 1, 2, 2, 0], [0, 2, 0, 1, 1, 1, 1, 1, 0, 2, 0], [0, 2, 0, 0, 0, 2, 0, 0, 0, 2, 0], [0, 3, 2, 2, 2, 2, 2, 2, 2, 2, 0], [0, 0, 0, 0, 0, 0, 0, 0, 0, 0, 0]]"
2026-05-29T19:10:50.225401,0,East,714.0,False,False,False,"[[0, 0, 0, 0, 0, 0, 0, 0, 0, 0, 0], [0, 4, 1, 1, 1, 1, 1, 1, 1, 1, 0], [0, 1, 0, 0, 0, 1, 0, 0, 0, 1, 0], [0, 5, 0, 1, 1, 1, 1, 4, 0, 1, 0], [0, 2, 2, 1, 0, 1, 0, 1, 1, 1, 0], [0, 0, 0, 1, 0, 1, 0, 2, 0, 0, 0], [0, 1, 1, 1, 2, 1, 1, 1, 2, 2, 0], [0, 1, 0, 1, 0, 0, 0, 1, 0, 2, 0], [0, 1, 0, 1, 0, 1, 0, 1, 0, 2, 0], [0, 1, 0, 1, 0, 1, 1, 1, 0, 2, 0], [0, 2, 0, 1, 0, 1, 1, 1, 0, 2, 0], [0, 2, 0, 1, 0, 1, 0, 1, 0, 2, 0], [0, 2, 0, 1, 0, 0, 0, 1, 0, 2, 0], [0, 2, 2, 1, 1, 1, 2, 1, 2, 2, 0], [0, 0, 0, 1, 0, 1, 0, 1, 0, 0, 0], [0, 2, 2, 1, 0, 1, 0, 1, 2, 2, 0], [0, 2, 0, 1, 1, 1, 1, 1, 0, 2, 0], [0, 2, 0, 0, 0, 2, 0, 0, 0, 2, 0], [0, 3, 2, 2, 2, 2, 2, 2, 2, 2, 0], [0, 0, 0, 0, 0, 0, 0, 0, 0, 0, 0]]"
2026-05-29T19:10:50.228421,0,North,723.0,False,False,False,"[[0, 0, 0, 0, 0, 0, 0, 0, 0, 0, 0], [0, 1, 1, 1, 1, 1, 1, 1, 1, 1, 0], [0, 4, 0, 0, 0, 1, 0, 0, 0, 1, 0], [0, 1, 0, 1, 1, 1, 4, 1, 0, 1, 0], [0, 5, 2, 1, 0, 1, 0, 1, 1, 1, 0], [0, 0, 0, 1, 0, 1, 0, 2, 0, 0, 0], [0, 1, 1, 1, 2, 1, 1, 1, 2, 2, 0], [0, 1, 0, 1, 0, 0, 0, 1, 0, 2, 0], [0, 1, 0, 1, 0, 1, 0, 1, 0, 2, 0], [0, 1, 0, 1, 0, 1, 1, 1, 0, 2, 0], [0, 2, 0, 1, 0, 1, 1, 1, 0, 2, 0], [0, 2, 0, 1, 0, 1, 0, 1, 0, 2, 0], [0, 2, 0, 1, 0, 0, 0, 1, 0, 2, 0], [0, 2, 2, 1, 1, 1, 2, 1, 2, 2, 0], [0, 0, 0, 1, 0, 1, 0, 1, 0, 0, 0], [0, 2, 2, 1, 0, 1, 0, 1, 2, 2, 0], [0, 2, 0, 1, 1, 1, 1, 1, 0, 2, 0], [0, 2, 0, 0, 0, 2, 0, 0, 0, 2, 0], [0, 3, 2, 2, 2, 2, 2, 2, 2, 2, 0], [0, 0, 0, 0, 0, 0, 0, 0, 0, 0, 0]]"
2026-05-29T19:10:50.231364,0,North,732.0,False,False,False,"[[0, 0, 0, 0, 0, 0, 0, 0, 0, 0, 0], [0, 1, 1, 1, 1, 1, 1, 1, 1, 1, 0], [0, 1, 0, 0, 0, 1, 0, 0, 0, 1, 0], [0, 4, 0, 1, 1, 4, 1, 1, 0, 1, 0], [0, 1, 5, 1, 0, 1, 0, 1, 1, 1, 0], [0, 0, 0, 1, 0, 1, 0, 2, 0, 0, 0], [0, 1, 1, 1, 2, 1, 1, 1, 2, 2, 0], [0, 1, 0, 1, 0, 0, 0, 1, 0, 2, 0], [0, 1, 0, 1, 0, 1, 0, 1, 0, 2, 0], [0, 1, 0, 1, 0, 1, 1, 1, 0, 2, 0], [0, 2, 0, 1, 0, 1, 1, 1, 0, 2, 0], [0, 2, 0, 1, 0, 1, 0, 1, 0, 2, 0], [0, 2, 0, 1, 0, 0, 0, 1, 0, 2, 0], [0, 2, 2, 1, 1, 1, 2, 1, 2, 2, 0], [0, 0, 0, 1, 0, 1, 0, 1, 0, 0, 0], [0, 2, 2, 1, 0, 1, 0, 1, 2, 2, 0], [0, 2, 0, 1, 1, 1, 1, 1, 0, 2, 0], [0, 2, 0, 0, 0, 2, 0, 0, 0, 2, 0], [0, 3, 2, 2, 2, 2, 2, 2, 2, 2, 0], [0, 0, 0, 0, 0, 0, 0, 0, 0, 0, 0]]"
2026-05-29T19:10:50.235243,0,East,731.0,False,False,False,"[[0, 0, 0, 0, 0, 0, 0, 0, 0, 0, 0], [0, 1, 1, 1, 1, 1, 1, 1, 1, 1, 0], [0, 1, 0, 0, 0, 1, 0, 0, 0, 1, 0], [0, 1, 0, 1, 4, 1, 1, 1, 0, 1, 0], [0, 4, 1, 5, 0, 1, 0, 1, 1, 1, 0], [0, 0, 0, 1, 0, 1, 0, 2, 0, 0, 0], [0, 1, 1, 1, 2, 1, 1, 1, 2, 2, 0], [0, 1, 0, 1, 0, 0, 0, 1, 0, 2, 0], [0, 1, 0, 1, 0, 1, 0, 1, 0, 2, 0], [0, 1, 0, 1, 0, 1, 1, 1, 0, 2, 0], [0, 2, 0, 1, 0, 1, 1, 1, 0, 2, 0], [0, 2, 0, 1, 0, 1, 0, 1, 0, 2, 0], [0, 2, 0, 1, 0, 0, 0, 1, 0, 2, 0], [0, 2, 2, 1, 1, 1, 2, 1, 2, 2, 0], [0, 0, 0, 1, 0, 1, 0, 1, 0, 0, 0], [0, 2, 2, 1, 0, 1, 0, 1, 2, 2, 0], [0, 2, 0, 1, 1, 1, 1, 1, 0, 2, 0], [0, 2, 0, 0, 0, 2, 0, 0, 0, 2, 0], [0, 3, 2, 2, 2, 2, 2, 2, 2, 2, 0], [0, 0, 0, 0, 0, 0, 0, 0, 0, 0, 0]]"
2026-05-29T19:10:50.238100,0,East,730.0,False,False,False,"[[0, 0, 0, 0, 0, 0, 0, 0, 0, 0, 0], [0, 1, 1, 1, 1, 1, 1, 1, 1, 1, 0], [0, 1, 0, 0, 0, 1, 0, 0, 0, 1, 0], [0, 1, 0, 4, 1, 1, 1, 1, 0, 1, 0], [0, 1, 4, 1, 0, 1, 0, 1, 1, 1, 0], [0, 0, 0, 5, 0, 1, 0, 2, 0, 0, 0], [0, 1, 1, 1, 2, 1, 1, 1, 2, 2, 0], [0, 1, 0, 1, 0, 0, 0, 1, 0, 2, 0], [0, 1, 0, 1, 0, 1, 0, 1, 0, 2, 0], [0, 1, 0, 1, 0, 1, 1, 1, 0, 2, 0], [0, 2, 0, 1, 0, 1, 1, 1, 0, 2, 0], [0, 2, 0, 1, 0, 1, 0, 1, 0, 2, 0], [0, 2, 0, 1, 0, 0, 0, 1, 0, 2, 0], [0, 2, 2, 1, 1, 1, 2, 1, 2, 2, 0], [0, 0, 0, 1, 0, 1, 0, 1, 0, 0, 0], [0, 2, 2, 1, 0, 1, 0, 1, 2, 2, 0], [0, 2, 0, 1, 1, 1, 1, 1, 0, 2, 0], [0, 2, 0, 0, 0, 2, 0, 0, 0, 2, 0], [0, 3, 2, 2, 2, 2, 2, 2, 2, 2, 0], [0, 0, 0, 0, 0, 0, 0, 0, 0, 0, 0]]"
2026-05-29T19:10:50.242438,0,East,729.0,False,False,False,"[[0, 0, 0, 0, 0, 0, 0, 0, 0, 0, 0], [0, 1, 1, 1, 1, 1, 1, 1, 1, 1, 0], [0, 1, 0, 0, 0, 1, 0, 0, 0, 1, 0], [0, 1, 0, 1, 1, 1, 1, 1, 0, 1, 0], [0, 1, 1, 4, 0, 1, 0, 1, 1, 1, 0], [0, 0, 0, 1, 0, 1, 0, 2, 0, 0, 0], [0, 1, 1, 5, 2, 1, 1, 1, 2, 2, 0], [0, 1, 0, 1, 0, 0, 0, 1, 0, 2, 0], [0, 1, 0, 1, 0, 1, 0, 1, 0, 2, 0], [0, 1, 0, 1, 0, 1, 1, 1, 0, 2, 0], [0, 2, 0, 1, 0, 1, 1, 1, 0, 2, 0], [0, 2, 0, 1, 0, 1, 0, 1, 0, 2, 0], [0, 2, 0, 1, 0, 0, 0, 1, 0, 2, 0], [0, 2, 2, 1, 1, 1, 2, 1, 2, 2, 0], [0, 0, 0, 1, 0, 1, 0, 1, 0, 0, 0], [0, 2, 2, 1, 0, 1, 0, 1, 2, 2, 0], [0, 2, 0, 1, 1, 1, 1, 1, 0, 2, 0], [0, 2, 0, 0, 0, 2, 0, 0, 0, 2, 0], [0, 3, 2, 2, 2, 2, 2, 2, 2, 2, 0], [0, 0, 0, 0, 0, 0, 0, 0, 0, 0, 0]]"
2026-05-29T19:10:50.245854,0,East,728.0,False,False,False,"[[0, 0, 0, 0, 0, 0, 0, 0, 0, 0, 0], [0, 1, 1, 1, 1, 1, 1, 1, 1, 1, 0], [0, 1, 0, 0, 0, 1, 0, 0, 0, 1, 0], [0, 1, 0, 1, 1, 1, 1, 1, 0, 1, 0], [0, 1, 1, 1, 0, 1, 0, 1, 1, 1, 0], [0, 0, 0, 4, 0, 1, 0, 2, 0, 0, 0], [0, 1, 1, 1, 2, 1, 1, 1, 2, 2, 0], [0, 1, 0, 5, 0, 0, 0, 1, 0, 2, 0], [0, 1, 0, 1, 0, 1, 0, 1, 0, 2, 0], [0, 1, 0, 1, 0, 1, 1, 1, 0, 2, 0], [0, 2, 0, 1, 0, 1, 1, 1, 0, 2, 0], [0, 2, 0, 1, 0, 1, 0, 1, 0, 2, 0], [0, 2, 0, 1, 0, 0, 0, 1, 0, 2, 0], [0, 2, 2, 1, 1, 1, 2, 1, 2, 2, 0], [0, 0, 0, 1, 0, 1, 0, 1, 0, 0, 0], [0, 2, 2, 1, 0, 1, 0, 1, 2, 2, 0], [0, 2, 0, 1, 1, 1, 1, 1, 0, 2, 0], [0, 2, 0, 0, 0, 2, 0, 0, 0, 2, 0], [0, 3, 2, 2, 2, 2, 2, 2, 2, 2, 0], [0, 0, 0, 0, 0, 0, 0, 0, 0, 0, 0]]"
2026-05-29T19:10:50.249778,0,East,727.0,False,False,False,"[[0, 0, 0, 0, 0, 0, 0, 0, 0, 0, 0], [0, 1, 1, 1, 1, 1, 1, 1, 1, 1, 0], [0, 1, 0, 0, 0, 1, 0, 0, 0, 1, 0], [0, 1, 0, 1, 1, 1, 1, 1, 0, 1, 0], [0, 1, 1, 1, 0, 1, 0, 1, 1, 1, 0], [0, 0, 0, 1, 0, 1, 0, 2, 0, 0, 0], [0, 1, 1, 4, 2, 1, 1, 1, 2, 2, 0], [0, 1, 0, 1, 0, 0, 0, 1, 0, 2, 0], [0, 1, 0, 5, 0, 1, 0, 1, 0, 2, 0], [0, 1, 0, 1, 0, 1, 1, 1, 0, 2, 0], [0, 2, 0, 1, 0, 1, 1, 1, 0, 2, 0], [0, 2, 0, 1, 0, 1, 0, 1, 0, 2, 0], [0, 2, 0, 1, 0, 0, 0, 1, 0, 2, 0], [0, 2, 2, 1, 1, 1, 2, 1, 2, 2, 0], [0, 0, 0, 1, 0, 1, 0, 1, 0, 0, 0], [0, 2, 2, 1, 0, 1, 0, 1, 2, 2, 0], [0, 2, 0, 1, 1, 1, 1, 1, 0, 2, 0], [0, 2, 0, 0, 0, 2, 0, 0, 0, 2, 0], [0, 3, 2, 2, 2, 2, 2, 2, 2, 2, 0], [0, 0, 0, 0, 0, 0, 0, 0, 0, 0, 0]]"
2026-05-29T19:10:50.252589,0,East,726.0,False,False,False,"[[0, 0, 0, 0, 0, 0, 0, 0, 0, 0, 0], [0, 1, 1, 1, 1, 1, 1, 1, 1, 1, 0], [0, 1, 0, 0, 0, 1, 0, 0, 0, 1, 0], [0, 1, 0, 1, 1, 1, 1, 1, 0, 1, 0], [0, 1, 1, 1, 0, 1, 0, 1, 1, 1, 0], [0, 0, 0, 1, 0, 1, 0, 2, 0, 0, 0], [0, 1, 1, 1, 2, 1, 1, 1, 2, 2, 0], [0, 1, 0, 4, 0, 0, 0, 1, 0, 2, 0], [0, 1, 0, 1, 0, 1, 0, 1, 0, 2, 0], [0, 1, 0, 5, 0, 1, 1, 1, 0, 2, 0], [0, 2, 0, 1, 0, 1, 1, 1, 0, 2, 0], [0, 2, 0, 1, 0, 1, 0, 1, 0, 2, 0], [0, 2, 0, 1, 0, 0, 0, 1, 0, 2, 0], [0, 2, 2, 1, 1, 1, 2, 1, 2, 2, 0], [0, 0, 0, 1, 0, 1, 0, 1, 0, 0, 0], [0, 2, 2, 1, 0, 1, 0, 1, 2, 2, 0], [0, 2, 0, 1, 1, 1, 1, 1, 0, 2, 0], [0, 2, 0, 0, 0, 2, 0, 0, 0, 2, 0], [0, 3, 2, 2, 2, 2, 2, 2, 2, 2, 0], [0, 0, 0, 0, 0, 0, 0, 0, 0, 0, 0]]"
2026-05-29T19:10:50.256516,0,East,725.0,False,False,False,"[[0, 0, 0, 0, 0, 0, 0, 0, 0, 0, 0], [0, 1, 1, 1, 1, 1, 1, 1, 1, 1, 0], [0, 1, 0, 0, 0, 1, 0, 0, 0, 1, 0], [0, 1, 0, 1, 1, 1, 1, 1, 0, 1, 0], [0, 1, 1, 1, 0, 1, 0, 1, 1, 1, 0], [0, 0, 0, 1, 0, 1, 0, 2, 0, 0, 0], [0, 1, 1, 1, 2, 1, 1, 1, 2, 2, 0], [0, 1, 0, 1, 0, 0, 0, 1, 0, 2, 0], [0, 1, 0, 4, 0, 1, 0, 1, 0, 2, 0], [0, 1, 0, 1, 0, 1, 1, 1, 0, 2, 0], [0, 2, 0, 5, 0, 1, 1, 1, 0, 2, 0], [0, 2, 0, 1, 0, 1, 0, 1, 0, 2, 0], [0, 2, 0, 1, 0, 0, 0, 1, 0, 2, 0], [0, 2, 2, 1, 1, 1, 2, 1, 2, 2, 0], [0, 0, 0, 1, 0, 1, 0, 1, 0, 0, 0], [0, 2, 2, 1, 0, 1, 0, 1, 2, 2, 0], [0, 2, 0, 1, 1, 1, 1, 1, 0, 2, 0], [0, 2, 0, 0, 0, 2, 0, 0, 0, 2, 0], [0, 3, 2, 2, 2, 2, 2, 2, 2, 2, 0], [0, 0, 0, 0, 0, 0, 0, 0, 0, 0, 0]]"
2026-05-29T19:10:50.266581,0,East,724.0,False,False,False,"[[0, 0, 0, 0, 0, 0, 0, 0, 0, 0, 0], [0, 1, 1, 1, 1, 1, 1, 1, 1, 1, 0], [0, 1, 0, 0, 0, 1, 0, 0, 0, 1, 0], [0, 1, 0, 1, 1, 1, 1, 1, 0, 1, 0], [0, 1, 1, 1, 0, 1, 0, 1, 1, 1, 0], [0, 0, 0, 1, 0, 1, 0, 2, 0, 0, 0], [0, 1, 1, 1, 2, 1, 1, 1, 2, 2, 0], [0, 1, 0, 1, 0, 0, 0, 1, 0, 2, 0], [0, 1, 0, 1, 0, 1, 0, 1, 0, 2, 0], [0, 1, 0, 4, 0, 1, 1, 1, 0, 2, 0], [0, 2, 0, 1, 0, 1, 1, 1, 0, 2, 0], [0, 2, 0, 5, 0, 1, 0, 1, 0, 2, 0], [0, 2, 0, 1, 0, 0, 0, 1, 0, 2, 0], [0, 2, 2, 1, 1, 1, 2, 1, 2, 2, 0], [0, 0, 0, 1, 0, 1, 0, 1, 0, 0, 0], [0, 2, 2, 1, 0, 1, 0, 1, 2, 2, 0], [0, 2, 0, 1, 1, 1, 1, 1, 0, 2, 0], [0, 2, 0, 0, 0, 2, 0, 0, 0, 2, 0], [0, 3, 2, 2, 2, 2, 2, 2, 2, 2, 0], [0, 0, 0, 0, 0, 0, 0, 0, 0, 0, 0]]"
2026-05-29T19:10:50.270907,0,East,723.0,False,False,False,"[[0, 0, 0, 0, 0, 0, 0, 0, 0, 0, 0], [0, 1, 1, 1, 1, 1, 1, 1, 1, 1, 0], [0, 1, 0, 0, 0, 1, 0, 0, 0, 1, 0], [0, 1, 0, 1, 1, 1, 1, 1, 0, 1, 0], [0, 1, 1, 1, 0, 1, 0, 1, 1, 1, 0], [0, 0, 0, 1, 0, 1, 0, 2, 0, 0, 0], [0, 1, 1, 1, 2, 1, 1, 1, 2, 2, 0], [0, 1, 0, 1, 0, 0, 0, 1, 0, 2, 0], [0, 1, 0, 1, 0, 1, 0, 1, 0, 2, 0], [0, 1, 0, 1, 0, 1, 1, 1, 0, 2, 0], [0, 2, 0, 4, 0, 1, 1, 1, 0, 2, 0], [0, 2, 0, 1, 0, 1, 0, 1, 0, 2, 0], [0, 2, 0, 5, 0, 0, 0, 1, 0, 2, 0], [0, 2, 2, 1, 1, 1, 2, 1, 2, 2, 0], [0, 0, 0, 1, 0, 1, 0, 1, 0, 0, 0], [0, 2, 2, 1, 0, 1, 0, 1, 2, 2, 0], [0, 2, 0, 1, 1, 1, 1, 1, 0, 2, 0], [0, 2, 0, 0, 0, 2, 0, 0, 0, 2, 0], [0, 3, 2, 2, 2, 2, 2, 2, 2, 2, 0], [0, 0, 0, 0, 0, 0, 0, 0, 0, 0, 0]]"
2026-05-29T19:10:50.275736,0,East,722.0,False,False,False,"[[0, 0, 0, 0, 0, 0, 0, 0, 0, 0, 0], [0, 1, 1, 1, 1, 1, 1, 1, 1, 1, 0], [0, 1, 0, 0, 0, 1, 0, 0, 0, 1, 0], [0, 1, 0, 1, 1, 1, 1, 1, 0, 1, 0], [0, 1, 1, 1, 0, 1, 0, 1, 1, 1, 0], [0, 0, 0, 1, 0, 1, 0, 2, 0, 0, 0], [0, 1, 1, 1, 2, 1, 1, 1, 2, 2, 0], [0, 1, 0, 1, 0, 0, 0, 1, 0, 2, 0], [0, 1, 0, 1, 0, 1, 0, 1, 0, 2, 0], [0, 1, 0, 1, 0, 1, 1, 1, 0, 2, 0], [0, 2, 0, 1, 0, 1, 1, 1, 0, 2, 0], [0, 2, 0, 4, 0, 1, 0, 1, 0, 2, 0], [0, 2, 0, 1, 0, 0, 0, 1, 0, 2, 0], [0, 2, 2, 5, 1, 1, 2, 1, 2, 2, 0], [0, 0, 0, 1, 0, 1, 0, 1, 0, 0, 0], [0, 2, 2, 1, 0, 1, 0, 1, 2, 2, 0], [0, 2, 0, 1, 1, 1, 1, 1, 0, 2, 0], [0, 2, 0, 0, 0, 2, 0, 0, 0, 2, 0], [0, 3, 2, 2, 2, 2, 2, 2, 2, 2, 0], [0, 0, 0, 0, 0, 0, 0, 0, 0, 0, 0]]"
2026-05-29T19:10:50.279389,0,East,721.0,False,False,False,"[[0, 0, 0, 0, 0, 0, 0, 0, 0, 0, 0], [0, 1, 1, 1, 1, 1, 1, 1, 1, 1, 0], [0, 1, 0, 0, 0, 1, 0, 0, 0, 1, 0], [0, 1, 0, 1, 1, 1, 1, 1, 0, 1, 0], [0, 1, 1, 1, 0, 1, 0, 1, 1, 1, 0], [0, 0, 0, 1, 0, 1, 0, 2, 0, 0, 0], [0, 1, 1, 1, 2, 1, 1, 1, 2, 2, 0], [0, 1, 0, 1, 0, 0, 0, 1, 0, 2, 0], [0, 1, 0, 1, 0, 1, 0, 1, 0, 2, 0], [0, 1, 0, 1, 0, 1, 1, 1, 0, 2, 0], [0, 2, 0, 1, 0, 1, 1, 1, 0, 2, 0], [0, 2, 0, 1, 0, 1, 0, 1, 0, 2, 0], [0, 2, 0, 4, 0, 0, 0, 1, 0, 2, 0], [0, 2, 2, 1, 1, 1, 2, 1, 2, 2, 0], [0, 0, 0, 5, 0, 1, 0, 1, 0, 0, 0], [0, 2, 2, 1, 0, 1, 0, 1, 2, 2, 0], [0, 2, 0, 1, 1, 1, 1, 1, 0, 2, 0], [0, 2, 0, 0, 0, 2, 0, 0, 0, 2, 0], [0, 3, 2, 2, 2, 2, 2, 2, 2, 2, 0], [0, 0, 0, 0, 0, 0, 0, 0, 0, 0, 0]]"
2026-05-29T19:10:50.283802,0,East,720.0,False,False,False,"[[0, 0, 0, 0, 0, 0, 0, 0, 0, 0, 0], [0, 1, 1, 1, 1, 1, 1, 1, 1, 1, 0], [0, 1, 0, 0, 0, 1, 0, 0, 0, 1, 0], [0, 1, 0, 1, 1, 1, 1, 1, 0, 1, 0], [0, 1, 1, 1, 0, 1, 0, 1, 1, 1, 0], [0, 0, 0, 1, 0, 1, 0, 2, 0, 0, 0], [0, 1, 1, 1, 2, 1, 1, 1, 2, 2, 0], [0, 1, 0, 1, 0, 0, 0, 1, 0, 2, 0], [0, 1, 0, 1, 0, 1, 0, 1, 0, 2, 0], [0, 1, 0, 1, 0, 1, 1, 1, 0, 2, 0], [0, 2, 0, 1, 0, 1, 1, 1, 0, 2, 0], [0, 2, 0, 1, 0, 1, 0, 1, 0, 2, 0], [0, 2, 0, 1, 0, 0, 0, 1, 0, 2, 0], [0, 2, 2, 4, 1, 1, 2, 1, 2, 2, 0], [0, 0, 0, 1, 0, 1, 0, 1, 0, 0, 0], [0, 2, 2, 5, 0, 1, 0, 1, 2, 2, 0], [0, 2, 0, 1, 1, 1, 1, 1, 0, 2, 0], [0, 2, 0, 0, 0, 2, 0, 0, 0, 2, 0], [0, 3, 2, 2, 2, 2, 2, 2, 2, 2, 0], [0, 0, 0, 0, 0, 0, 0, 0, 0, 0, 0]]"
2026-05-29T19:10:50.287195,0,North,719.0,False,False,False,"[[0, 0, 0, 0, 0, 0, 0, 0, 0, 0, 0], [0, 1, 1, 1, 1, 1, 1, 1, 1, 1, 0], [0, 1, 0, 0, 0, 1, 0, 0, 0, 1, 0], [0, 1, 0, 1, 1, 1, 1, 1, 0, 1, 0], [0, 1, 1, 1, 0, 1, 0, 1, 1, 1, 0], [0, 0, 0, 1, 0, 1, 0, 2, 0, 0, 0], [0, 1, 1, 1, 2, 1, 1, 1, 2, 2, 0], [0, 1, 0, 1, 0, 0, 0, 1, 0, 2, 0], [0, 1, 0, 1, 0, 1, 0, 1, 0, 2, 0], [0, 1, 0, 1, 0, 1, 1, 1, 0, 2, 0], [0, 2, 0, 1, 0, 1, 1, 1, 0, 2, 0], [0, 2, 0, 1, 0, 1, 0, 1, 0, 2, 0], [0, 2, 0, 1, 0, 0, 0, 1, 0, 2, 0], [0, 2, 2, 1, 1, 1, 2, 1, 2, 2, 0], [0, 0, 0, 4, 0, 1, 0, 1, 0, 0, 0], [0, 2, 2, 1, 0, 1, 0, 1, 2, 2, 0], [0, 2, 0, 5, 1, 1, 1, 1, 0, 2, 0], [0, 2, 0, 0, 0, 2, 0, 0, 0, 2, 0], [0, 3, 2, 2, 2, 2, 2, 2, 2, 2, 0], [0, 0, 0, 0, 0, 0, 0, 0, 0, 0, 0]]"
2026-05-29T19:10:50.290433,0,North,718.0,False,False,False,"[[0, 0, 0, 0, 0, 0, 0, 0, 0, 0, 0], [0, 1, 1, 1, 1, 1, 1, 1, 1, 1, 0], [0, 1, 0, 0, 0, 1, 0, 0, 0, 1, 0], [0, 1, 0, 1, 1, 1, 1, 1, 0, 1, 0], [0, 1, 1, 1, 0, 1, 0, 1, 1, 1, 0], [0, 0, 0, 1, 0, 1, 0, 2, 0, 0, 0], [0, 1, 1, 1, 2, 1, 1, 1, 2, 2, 0], [0, 1, 0, 1, 0, 0, 0, 1, 0, 2, 0], [0, 1, 0, 1, 0, 1, 0, 1, 0, 2, 0], [0, 1, 0, 1, 0, 1, 1, 1, 0, 2, 0], [0, 2, 0, 1, 0, 1, 1, 1, 0, 2, 0], [0, 2, 0, 1, 0, 1, 0, 1, 0, 2, 0], [0, 2, 0, 1, 0, 0, 0, 1, 0, 2, 0], [0, 2, 2, 1, 1, 1, 2, 1, 2, 2, 0], [0, 0, 0, 1, 0, 1, 0, 1, 0, 0, 0], [0, 2, 2, 4, 0, 1, 0, 1, 2, 2, 0], [0, 2, 0, 1, 5, 1, 1, 1, 0, 2, 0], [0, 2, 0, 0, 0, 2, 0, 0, 0, 2, 0], [0, 3, 2, 2, 2, 2, 2, 2, 2, 2, 0], [0, 0, 0, 0, 0, 0, 0, 0, 0, 0, 0]]"
2026-05-29T19:10:50.294866,0,West,717.0,False,False,False,"[[0, 0, 0, 0, 0, 0, 0, 0, 0, 0, 0], [0, 1, 1, 1, 1, 1, 1, 1, 1, 1, 0], [0, 1, 0, 0, 0, 1, 0, 0, 0, 1, 0], [0, 1, 0, 1, 1, 1, 1, 1, 0, 1, 0], [0, 1, 1, 1, 0, 1, 0, 1, 1, 1, 0], [0, 0, 0, 1, 0, 1, 0, 2, 0, 0, 0], [0, 1, 1, 1, 2, 1, 1, 1, 2, 2, 0], [0, 1, 0, 1, 0, 0, 0, 1, 0, 2, 0], [0, 1, 0, 1, 0, 1, 0, 1, 0, 2, 0], [0, 1, 0, 1, 0, 1, 1, 1, 0, 2, 0], [0, 2, 0, 1, 0, 1, 1, 1, 0, 2, 0], [0, 2, 0, 1, 0, 1, 0, 1, 0, 2, 0], [0, 2, 0, 1, 0, 0, 0, 1, 0, 2, 0], [0, 2, 2, 1, 1, 1, 2, 1, 2, 2, 0], [0, 0, 0, 1, 0, 1, 0, 1, 0, 0, 0], [0, 2, 2, 1, 0, 1, 0, 1, 2, 2, 0], [0, 2, 0, 4, 1, 5, 1, 1, 0, 2, 0], [0, 2, 0, 0, 0, 2, 0, 0, 0, 2, 0], [0, 3, 2, 2, 2, 2, 2, 2, 2, 2, 0], [0, 0, 0, 0, 0, 0, 0, 0, 0, 0, 0]]"
2026-05-29T19:10:50.298290,0,West,716.0,False,False,False,"[[0, 0, 0, 0, 0, 0, 0, 0, 0, 0, 0], [0, 1, 1, 1, 1, 1, 1, 1, 1, 1, 0], [0, 1, 0, 0, 0, 1, 0, 0, 0, 1, 0], [0, 1, 0, 1, 1, 1, 1, 1, 0, 1, 0], [0, 1, 1, 1, 0, 1, 0, 1, 1, 1, 0], [0, 0, 0, 1, 0, 1, 0, 2, 0, 0, 0], [0, 1, 1, 1, 2, 1, 1, 1, 2, 2, 0], [0, 1, 0, 1, 0, 0, 0, 1, 0, 2, 0], [0, 1, 0, 1, 0, 1, 0, 1, 0, 2, 0], [0, 1, 0, 1, 0, 1, 1, 1, 0, 2, 0], [0, 2, 0, 1, 0, 1, 1, 1, 0, 2, 0], [0, 2, 0, 1, 0, 1, 0, 1, 0, 2, 0], [0, 2, 0, 1, 0, 0, 0, 1, 0, 2, 0], [0, 2, 2, 1, 1, 1, 2, 1, 2, 2, 0], [0, 0, 0, 1, 0, 1, 0, 1, 0, 0, 0], [0, 2, 2, 1, 0, 5, 0, 1, 2, 2, 0], [0, 2, 0, 1, 4, 1, 1, 1, 0, 2, 0], [0, 2, 0, 0, 0, 2, 0, 0, 0, 2, 0], [0, 3, 2, 2, 2, 2, 2, 2, 2, 2, 0], [0, 0, 0, 0, 0, 0, 0, 0, 0, 0, 0]]"
2026-05-29T19:10:50.301496,0,West,715.0,False,False,False,"[[0, 0, 0, 0, 0, 0, 0, 0, 0, 0, 0], [0, 1, 1, 1, 1, 1, 1, 1, 1, 1, 0], [0, 1, 0, 0, 0, 1, 0, 0, 0, 1, 0], [0, 1, 0, 1, 1, 1, 1, 1, 0, 1, 0], [0, 1, 1, 1, 0, 1, 0, 1, 1, 1, 0], [0, 0, 0, 1, 0, 1, 0, 2, 0, 0, 0], [0, 1, 1, 1, 2, 1, 1, 1, 2, 2, 0], [0, 1, 0, 1, 0, 0, 0, 1, 0, 2, 0], [0, 1, 0, 1, 0, 1, 0, 1, 0, 2, 0], [0, 1, 0, 1, 0, 1, 1, 1, 0, 2, 0], [0, 2, 0, 1, 0, 1, 1, 1, 0, 2, 0], [0, 2, 0, 1, 0, 1, 0, 1, 0, 2, 0], [0, 2, 0, 1, 0, 0, 0, 1, 0, 2, 0], [0, 2, 2, 1, 1, 1, 2, 1, 2, 2, 0], [0, 0, 0, 1, 0, 5, 0, 1, 0, 0, 0], [0, 2, 2, 1, 0, 1, 0, 1, 2, 2, 0], [0, 2, 0, 1, 1, 4, 1, 1, 0, 2, 0], [0, 2, 0, 0, 0, 2, 0, 0, 0, 2, 0], [0, 3, 2, 2, 2, 2, 2, 2, 2, 2, 0], [0, 0, 0, 0, 0, 0, 0, 0, 0, 0, 0]]"
2026-05-29T19:10:50.305422,0,South,714.0,False,False,False,"[[0, 0, 0, 0, 0, 0, 0, 0, 0, 0, 0], [0, 1, 1, 1, 1, 1, 1, 1, 1, 1, 0], [0, 1, 0, 0, 0, 1, 0, 0, 0, 1, 0], [0, 1, 0, 1, 1, 1, 1, 1, 0, 1, 0], [0, 1, 1, 1, 0, 1, 0, 1, 1, 1, 0], [0, 0, 0, 1, 0, 1, 0, 2, 0, 0, 0], [0, 1, 1, 1, 2, 1, 1, 1, 2, 2, 0], [0, 1, 0, 1, 0, 0, 0, 1, 0, 2, 0], [0, 1, 0, 1, 0, 1, 0, 1, 0, 2, 0], [0, 1, 0, 1, 0, 1, 1, 1, 0, 2, 0], [0, 2, 0, 1, 0, 1, 1, 1, 0, 2, 0], [0, 2, 0, 1, 0, 1, 0, 1, 0, 2, 0], [0, 2, 0, 1, 0, 0, 0, 1, 0, 2, 0], [0, 2, 2, 1, 1, 5, 2, 1, 2, 2, 0], [0, 0, 0, 1, 0, 1, 0, 1, 0, 0, 0], [0, 2, 2, 1, 0, 4, 0, 1, 2, 2, 0], [0, 2, 0, 1, 1, 1, 4, 1, 0, 2, 0], [0, 2, 0, 0, 0, 2, 0, 0, 0, 2, 0], [0, 3, 2, 2, 2, 2, 2, 2, 2, 2, 0], [0, 0, 0, 0, 0, 0, 0, 0, 0, 0, 0]]"
2026-05-29T19:10:50.308536,0,South,713.0,False,False,False,"[[0, 0, 0, 0, 0, 0, 0, 0, 0, 0, 0], [0, 1, 1, 1, 1, 1, 1, 1, 1, 1, 0], [0, 1, 0, 0, 0, 1, 0, 0, 0, 1, 0], [0, 1, 0, 1, 1, 1, 1, 1, 0, 1, 0], [0, 1, 1, 1, 0, 1, 0, 1, 1, 1, 0], [0, 0, 0, 1, 0, 1, 0, 2, 0, 0, 0], [0, 1, 1, 1, 2, 1, 1, 1, 2, 2, 0], [0, 1, 0, 1, 0, 0, 0, 1, 0, 2, 0], [0, 1, 0, 1, 0, 1, 0, 1, 0, 2, 0], [0, 1, 0, 1, 0, 1, 1, 1, 0, 2, 0], [0, 2, 0, 1, 0, 1, 1, 1, 0, 2, 0], [0, 2, 0, 1, 0, 1, 0, 1, 0, 2, 0], [0, 2, 0, 1, 0, 0, 0, 1, 0, 2, 0], [0, 2, 2, 1, 5, 1, 2, 1, 2, 2, 0], [0, 0, 0, 1, 0, 4, 0, 1, 0, 0, 0], [0, 2, 2, 1, 0, 1, 0, 1, 2, 2, 0], [0, 2, 0, 1, 1, 1, 1, 4, 0, 2, 0], [0, 2, 0, 0, 0, 2, 0, 0, 0, 2, 0], [0, 3, 2, 2, 2, 2, 2, 2, 2, 2, 0], [0, 0, 0, 0, 0, 0, 0, 0, 0, 0, 0]]"
2026-05-29T19:10:50.313028,0,South,712.0,False,False,False,"[[0, 0, 0, 0, 0, 0, 0, 0, 0, 0, 0], [0, 1, 1, 1, 1, 1, 1, 1, 1, 1, 0], [0, 1, 0, 0, 0, 1, 0, 0, 0, 1, 0], [0, 1, 0, 1, 1, 1, 1, 1, 0, 1, 0], [0, 1, 1, 1, 0, 1, 0, 1, 1, 1, 0], [0, 0, 0, 1, 0, 1, 0, 2, 0, 0, 0], [0, 1, 1, 1, 2, 1, 1, 1, 2, 2, 0], [0, 1, 0, 1, 0, 0, 0, 1, 0, 2, 0], [0, 1, 0, 1, 0, 1, 0, 1, 0, 2, 0], [0, 1, 0, 1, 0, 1, 1, 1, 0, 2, 0], [0, 2, 0, 1, 0, 1, 1, 1, 0, 2, 0], [0, 2, 0, 1, 0, 1, 0, 1, 0, 2, 0], [0, 2, 0, 1, 0, 0, 0, 1, 0, 2, 0], [0, 2, 2, 5, 1, 4, 2, 1, 2, 2, 0], [0, 0, 0, 1, 0, 1, 0, 1, 0, 0, 0], [0, 2, 2, 1, 0, 1, 0, 4, 2, 2, 0], [0, 2, 0, 1, 1, 1, 1, 1, 0, 2, 0], [0, 2, 0, 0, 0, 2, 0, 0, 0, 2, 0], [0, 3, 2, 2, 2, 2, 2, 2, 2, 2, 0], [0, 0, 0, 0, 0, 0, 0, 0, 0, 0, 0]]"
2026-05-29T19:10:50.316178,0,South,721.0,False,False,False,"[[0, 0, 0, 0, 0, 0, 0, 0, 0, 0, 0], [0, 1, 1, 1, 1, 1, 1, 1, 1, 1, 0], [0, 1, 0, 0, 0, 1, 0, 0, 0, 1, 0], [0, 1, 0, 1, 1, 1, 1, 1, 0, 1, 0], [0, 1, 1, 1, 0, 1, 0, 1, 1, 1, 0], [0, 0, 0, 1, 0, 1, 0, 2, 0, 0, 0], [0, 1, 1, 1, 2, 1, 1, 1, 2, 2, 0], [0, 1, 0, 1, 0, 0, 0, 1, 0, 2, 0], [0, 1, 0, 1, 0, 1, 0, 1, 0, 2, 0], [0, 1, 0, 1, 0, 1, 1, 1, 0, 2, 0], [0, 2, 0, 1, 0, 1, 1, 1, 0, 2, 0], [0, 2, 0, 1, 0, 1, 0, 1, 0, 2, 0], [0, 2, 0, 1, 0, 0, 0, 1, 0, 2, 0], [0, 2, 5, 1, 4, 1, 2, 1, 2, 2, 0], [0, 0, 0, 1, 0, 1, 0, 4, 0, 0, 0], [0, 2, 2, 1, 0, 1, 0, 1, 2, 2, 0], [0, 2, 0, 1, 1, 1, 1, 1, 0, 2, 0], [0, 2, 0, 0, 0, 2, 0, 0, 0, 2, 0], [0, 3, 2, 2, 2, 2, 2, 2, 2, 2, 0], [0, 0, 0, 0, 0, 0, 0, 0, 0, 0, 0]]"
2026-05-29T19:10:50.319728,0,West,730.0,False,False,False,"[[0, 0, 0, 0, 0, 0, 0, 0, 0, 0, 0], [0, 1, 1, 1, 1, 1, 1, 1, 1, 1, 0], [0, 1, 0, 0, 0, 1, 0, 0, 0, 1, 0], [0, 1, 0, 1, 1, 1, 1, 1, 0, 1, 0], [0, 1, 1, 1, 0, 1, 0, 1, 1, 1, 0], [0, 0, 0, 1, 0, 1, 0, 2, 0, 0, 0], [0, 1, 1, 1, 2, 1, 1, 1, 2, 2, 0], [0, 1, 0, 1, 0, 0, 0, 1, 0, 2, 0], [0, 1, 0, 1, 0, 1, 0, 1, 0, 2, 0], [0, 1, 0, 1, 0, 1, 1, 1, 0, 2, 0], [0, 2, 0, 1, 0, 1, 1, 1, 0, 2, 0], [0, 2, 0, 1, 0, 1, 0, 1, 0, 2, 0], [0, 2, 0, 1, 0, 0, 0, 1, 0, 2, 0], [0, 5, 1, 4, 1, 1, 2, 4, 2, 2, 0], [0, 0, 0, 1, 0, 1, 0, 1, 0, 0, 0], [0, 2, 2, 1, 0, 1, 0, 1, 2, 2, 0], [0, 2, 0, 1, 1, 1, 1, 1, 0, 2, 0], [0, 2, 0, 0, 0, 2, 0, 0, 0, 2, 0], [0, 3, 2, 2, 2, 2, 2, 2, 2, 2, 0], [0, 0, 0, 0, 0, 0, 0, 0, 0, 0, 0]]"
2026-05-29T19:10:50.324436,0,West,739.0,False,False,False,"[[0, 0, 0, 0, 0, 0, 0, 0, 0, 0, 0], [0, 1, 1, 1, 1, 1, 1, 1, 1, 1, 0], [0, 1, 0, 0, 0, 1, 0, 0, 0, 1, 0], [0, 1, 0, 1, 1, 1, 1, 1, 0, 1, 0], [0, 1, 1, 1, 0, 1, 0, 1, 1, 1, 0], [0, 0, 0, 1, 0, 1, 0, 2, 0, 0, 0], [0, 1, 1, 1, 2, 1, 1, 1, 2, 2, 0], [0, 1, 0, 1, 0, 0, 0, 1, 0, 2, 0], [0, 1, 0, 1, 0, 1, 0, 1, 0, 2, 0], [0, 1, 0, 1, 0, 1, 1, 1, 0, 2, 0], [0, 2, 0, 1, 0, 1, 1, 1, 0, 2, 0], [0, 2, 0, 1, 0, 1, 0, 1, 0, 2, 0], [0, 5, 0, 1, 0, 0, 0, 4, 0, 2, 0], [0, 1, 4, 1, 1, 1, 2, 1, 2, 2, 0], [0, 0, 0, 1, 0, 1, 0, 1, 0, 0, 0], [0, 2, 2, 1, 0, 1, 0, 1, 2, 2, 0], [0, 2, 0, 1, 1, 1, 1, 1, 0, 2, 0], [0, 2, 0, 0, 0, 2, 0, 0, 0, 2, 0], [0, 3, 2, 2, 2, 2, 2, 2, 2, 2, 0], [0, 0, 0, 0, 0, 0, 0, 0, 0, 0, 0]]"
2026-05-29T19:10:50.327518,0,West,748.0,False,False,False,"[[0, 0, 0, 0, 0, 0, 0, 0, 0, 0, 0], [0, 1, 1, 1, 1, 1, 1, 1, 1, 1, 0], [0, 1, 0, 0, 0, 1, 0, 0, 0, 1, 0], [0, 1, 0, 1, 1, 1, 1, 1, 0, 1, 0], [0, 1, 1, 1, 0, 1, 0, 1, 1, 1, 0], [0, 0, 0, 1, 0, 1, 0, 2, 0, 0, 0], [0, 1, 1, 1, 2, 1, 1, 1, 2, 2, 0], [0, 1, 0, 1, 0, 0, 0, 1, 0, 2, 0], [0, 1, 0, 1, 0, 1, 0, 1, 0, 2, 0], [0, 1, 0, 1, 0, 1, 1, 1, 0, 2, 0], [0, 2, 0, 1, 0, 1, 1, 1, 0, 2, 0], [0, 5, 0, 1, 0, 1, 0, 4, 0, 2, 0], [0, 1, 0, 1, 0, 0, 0, 1, 0, 2, 0], [0, 4, 1, 1, 1, 1, 2, 1, 2, 2, 0], [0, 0, 0, 1, 0, 1, 0, 1, 0, 0, 0], [0, 2, 2, 1, 0, 1, 0, 1, 2, 2, 0], [0, 2, 0, 1, 1, 1, 1, 1, 0, 2, 0], [0, 2, 0, 0, 0, 2, 0, 0, 0, 2, 0], [0, 3, 2, 2, 2, 2, 2, 2, 2, 2, 0], [0, 0, 0, 0, 0, 0, 0, 0, 0, 0, 0]]"
2026-05-29T19:10:50.330752,0,West,757.0,False,False,False,"[[0, 0, 0, 0, 0, 0, 0, 0, 0, 0, 0], [0, 1, 1, 1, 1, 1, 1, 1, 1, 1, 0], [0, 1, 0, 0, 0, 1, 0, 0, 0, 1, 0], [0, 1, 0, 1, 1, 1, 1, 1, 0, 1, 0], [0, 1, 1, 1, 0, 1, 0, 1, 1, 1, 0], [0, 0, 0, 1, 0, 1, 0, 2, 0, 0, 0], [0, 1, 1, 1, 2, 1, 1, 1, 2, 2, 0], [0, 1, 0, 1, 0, 0, 0, 1, 0, 2, 0], [0, 1, 0, 1, 0, 1, 0, 1, 0, 2, 0], [0, 1, 0, 1, 0, 1, 1, 1, 0, 2, 0], [0, 5, 0, 1, 0, 1, 1, 4, 0, 2, 0], [0, 1, 0, 1, 0, 1, 0, 1, 0, 2, 0], [0, 4, 0, 1, 0, 0, 0, 1, 0, 2, 0], [0, 1, 1, 1, 1, 1, 2, 1, 2, 2, 0], [0, 0, 0, 1, 0, 1, 0, 1, 0, 0, 0], [0, 2, 2, 1, 0, 1, 0, 1, 2, 2, 0], [0, 2, 0, 1, 1, 1, 1, 1, 0, 2, 0], [0, 2, 0, 0, 0, 2, 0, 0, 0, 2, 0], [0, 3, 2, 2, 2, 2, 2, 2, 2, 2, 0], [0, 0, 0, 0, 0, 0, 0, 0, 0, 0, 0]]"
2026-05-29T19:10:50.333840,0,West,756.0,False,False,False,"[[0, 0, 0, 0, 0, 0, 0, 0, 0, 0, 0], [0, 1, 1, 1, 1, 1, 1, 1, 1, 1, 0], [0, 1, 0, 0, 0, 1, 0, 0, 0, 1, 0], [0, 1, 0, 1, 1, 1, 1, 1, 0, 1, 0], [0, 1, 1, 1, 0, 1, 0, 1, 1, 1, 0], [0, 0, 0, 1, 0, 1, 0, 2, 0, 0, 0], [0, 1, 1, 1, 2, 1, 1, 1, 2, 2, 0], [0, 1, 0, 1, 0, 0, 0, 1, 0, 2, 0], [0, 1, 0, 1, 0, 1, 0, 1, 0, 2, 0], [0, 5, 0, 1, 0, 1, 1, 1, 0, 2, 0], [0, 1, 0, 1, 0, 1, 4, 1, 0, 2, 0], [0, 4, 0, 1, 0, 1, 0, 1, 0, 2, 0], [0, 1, 0, 1, 0, 0, 0, 1, 0, 2, 0], [0, 1, 1, 1, 1, 1, 2, 1, 2, 2, 0], [0, 0, 0, 1, 0, 1, 0, 1, 0, 0, 0], [0, 2, 2, 1, 0, 1, 0, 1, 2, 2, 0], [0, 2, 0, 1, 1, 1, 1, 1, 0, 2, 0], [0, 2, 0, 0, 0, 2, 0, 0, 0, 2, 0], [0, 3, 2, 2, 2, 2, 2, 2, 2, 2, 0], [0, 0, 0, 0, 0, 0, 0, 0, 0, 0, 0]]"
2026-05-29T19:10:50.336675,0,West,755.0,False,False,False,"[[0, 0, 0, 0, 0, 0, 0, 0, 0, 0, 0], [0, 1, 1, 1, 1, 1, 1, 1, 1, 1, 0], [0, 1, 0, 0, 0, 1, 0, 0, 0, 1, 0], [0, 1, 0, 1, 1, 1, 1, 1, 0, 1, 0], [0, 1, 1, 1, 0, 1, 0, 1, 1, 1, 0], [0, 0, 0, 1, 0, 1, 0, 2, 0, 0, 0], [0, 1, 1, 1, 2, 1, 1, 1, 2, 2, 0], [0, 1, 0, 1, 0, 0, 0, 1, 0, 2, 0], [0, 5, 0, 1, 0, 1, 0, 1, 0, 2, 0], [0, 1, 0, 1, 0, 1, 4, 1, 0, 2, 0], [0, 4, 0, 1, 0, 1, 1, 1, 0, 2, 0], [0, 1, 0, 1, 0, 1, 0, 1, 0, 2, 0], [0, 1, 0, 1, 0, 0, 0, 1, 0, 2, 0], [0, 1, 1, 1, 1, 1, 2, 1, 2, 2, 0], [0, 0, 0, 1, 0, 1, 0, 1, 0, 0, 0], [0, 2, 2, 1, 0, 1, 0, 1, 2, 2, 0], [0, 2, 0, 1, 1, 1, 1, 1, 0, 2, 0], [0, 2, 0, 0, 0, 2, 0, 0, 0, 2, 0], [0, 3, 2, 2, 2, 2, 2, 2, 2, 2, 0], [0, 0, 0, 0, 0, 0, 0, 0, 0, 0, 0]]"
2026-05-29T19:10:50.339996,0,West,754.0,False,False,False,"[[0, 0, 0, 0, 0, 0, 0, 0, 0, 0, 0], [0, 1, 1, 1, 1, 1, 1, 1, 1, 1, 0], [0, 1, 0, 0, 0, 1, 0, 0, 0, 1, 0], [0, 1, 0, 1, 1, 1, 1, 1, 0, 1, 0], [0, 1, 1, 1, 0, 1, 0, 1, 1, 1, 0], [0, 0, 0, 1, 0, 1, 0, 2, 0, 0, 0], [0, 1, 1, 1, 2, 1, 1, 1, 2, 2, 0], [0, 5, 0, 1, 0, 0, 0, 1, 0, 2, 0], [0, 1, 0, 1, 0, 1, 0, 1, 0, 2, 0], [0, 4, 0, 1, 0, 4, 1, 1, 0, 2, 0], [0, 1, 0, 1, 0, 1, 1, 1, 0, 2, 0], [0, 1, 0, 1, 0, 1, 0, 1, 0, 2, 0], [0, 1, 0, 1, 0, 0, 0, 1, 0, 2, 0], [0, 1, 1, 1, 1, 1, 2, 1, 2, 2, 0], [0, 0, 0, 1, 0, 1, 0, 1, 0, 0, 0], [0, 2, 2, 1, 0, 1, 0, 1, 2, 2, 0], [0, 2, 0, 1, 1, 1, 1, 1, 0, 2, 0], [0, 2, 0, 0, 0, 2, 0, 0, 0, 2, 0], [0, 3, 2, 2, 2, 2, 2, 2, 2, 2, 0], [0, 0, 0, 0, 0, 0, 0, 0, 0, 0, 0]]"
2026-05-29T19:10:50.343253,0,North,753.0,False,False,False,"[[0, 0, 0, 0, 0, 0, 0, 0, 0, 0, 0], [0, 1, 1, 1, 1, 1, 1, 1, 1, 1, 0], [0, 1, 0, 0, 0, 1, 0, 0, 0, 1, 0], [0, 1, 0, 1, 1, 1, 1, 1, 0, 1, 0], [0, 1, 1, 1, 0, 1, 0, 1, 1, 1, 0], [0, 0, 0, 1, 0, 1, 0, 2, 0, 0, 0], [0, 5, 1, 1, 2, 1, 1, 1, 2, 2, 0], [0, 1, 0, 1, 0, 0, 0, 1, 0, 2, 0], [0, 4, 0, 1, 0, 4, 0, 1, 0, 2, 0], [0, 1, 0, 1, 0, 1, 1, 1, 0, 2, 0], [0, 1, 0, 1, 0, 1, 1, 1, 0, 2, 0], [0, 1, 0, 1, 0, 1, 0, 1, 0, 2, 0], [0, 1, 0, 1, 0, 0, 0, 1, 0, 2, 0], [0, 1, 1, 1, 1, 1, 2, 1, 2, 2, 0], [0, 0, 0, 1, 0, 1, 0, 1, 0, 0, 0], [0, 2, 2, 1, 0, 1, 0, 1, 2, 2, 0], [0, 2, 0, 1, 1, 1, 1, 1, 0, 2, 0], [0, 2, 0, 0, 0, 2, 0, 0, 0, 2, 0], [0, 3, 2, 2, 2, 2, 2, 2, 2, 2, 0], [0, 0, 0, 0, 0, 0, 0, 0, 0, 0, 0]]"
2026-05-29T19:10:50.346559,0,North,752.0,False,False,False,"[[0, 0, 0, 0, 0, 0, 0, 0, 0, 0, 0], [0, 1, 1, 1, 1, 1, 1, 1, 1, 1, 0], [0, 1, 0, 0, 0, 1, 0, 0, 0, 1, 0], [0, 1, 0, 1, 1, 1, 1, 1, 0, 1, 0], [0, 1, 1, 1, 0, 1, 0, 1, 1, 1, 0], [0, 0, 0, 1, 0, 1, 0, 2, 0, 0, 0], [0, 1, 5, 1, 2, 1, 1, 1, 2, 2, 0], [0, 4, 0, 1, 0, 0, 0, 1, 0, 2, 0], [0, 1, 0, 1, 0, 1, 0, 1, 0, 2, 0], [0, 1, 0, 1, 0, 4, 1, 1, 0, 2, 0], [0, 1, 0, 1, 0, 1, 1, 1, 0, 2, 0], [0, 1, 0, 1, 0, 1, 0, 1, 0, 2, 0], [0, 1, 0, 1, 0, 0, 0, 1, 0, 2, 0], [0, 1, 1, 1, 1, 1, 2, 1, 2, 2, 0], [0, 0, 0, 1, 0, 1, 0, 1, 0, 0, 0], [0, 2, 2, 1, 0, 1, 0, 1, 2, 2, 0], [0, 2, 0, 1, 1, 1, 1, 1, 0, 2, 0], [0, 2, 0, 0, 0, 2, 0, 0, 0, 2, 0], [0, 3, 2, 2, 2, 2, 2, 2, 2, 2, 0], [0, 0, 0, 0, 0, 0, 0, 0, 0, 0, 0]]"
2026-05-29T19:10:50.350852,0,West,751.0,False,False,False,"[[0, 0, 0, 0, 0, 0, 0, 0, 0, 0, 0], [0, 1, 1, 1, 1, 1, 1, 1, 1, 1, 0], [0, 1, 0, 0, 0, 1, 0, 0, 0, 1, 0], [0, 1, 0, 1, 1, 1, 1, 1, 0, 1, 0], [0, 1, 1, 1, 0, 1, 0, 1, 1, 1, 0], [0, 0, 0, 1, 0, 1, 0, 2, 0, 0, 0], [0, 4, 1, 5, 2, 1, 1, 1, 2, 2, 0], [0, 1, 0, 1, 0, 0, 0, 1, 0, 2, 0], [0, 1, 0, 1, 0, 1, 0, 1, 0, 2, 0], [0, 1, 0, 1, 0, 1, 4, 1, 0, 2, 0], [0, 1, 0, 1, 0, 1, 1, 1, 0, 2, 0], [0, 1, 0, 1, 0, 1, 0, 1, 0, 2, 0], [0, 1, 0, 1, 0, 0, 0, 1, 0, 2, 0], [0, 1, 1, 1, 1, 1, 2, 1, 2, 2, 0], [0, 0, 0, 1, 0, 1, 0, 1, 0, 0, 0], [0, 2, 2, 1, 0, 1, 0, 1, 2, 2, 0], [0, 2, 0, 1, 1, 1, 1, 1, 0, 2, 0], [0, 2, 0, 0, 0, 2, 0, 0, 0, 2, 0], [0, 3, 2, 2, 2, 2, 2, 2, 2, 2, 0], [0, 0, 0, 0, 0, 0, 0, 0, 0, 0, 0]]"
2026-05-29T19:10:50.354299,0,West,750.0,False,False,False,"[[0, 0, 0, 0, 0, 0, 0, 0, 0, 0, 0], [0, 1, 1, 1, 1, 1, 1, 1, 1, 1, 0], [0, 1, 0, 0, 0, 1, 0, 0, 0, 1, 0], [0, 1, 0, 1, 1, 1, 1, 1, 0, 1, 0], [0, 1, 1, 1, 0, 1, 0, 1, 1, 1, 0], [0, 0, 0, 5, 0, 1, 0, 2, 0, 0, 0], [0, 1, 4, 1, 2, 1, 1, 1, 2, 2, 0], [0, 1, 0, 1, 0, 0, 0, 1, 0, 2, 0], [0, 1, 0, 1, 0, 1, 0, 1, 0, 2, 0], [0, 1, 0, 1, 0, 1, 1, 4, 0, 2, 0], [0, 1, 0, 1, 0, 1, 1, 1, 0, 2, 0], [0, 1, 0, 1, 0, 1, 0, 1, 0, 2, 0], [0, 1, 0, 1, 0, 0, 0, 1, 0, 2, 0], [0, 1, 1, 1, 1, 1, 2, 1, 2, 2, 0], [0, 0, 0, 1, 0, 1, 0, 1, 0, 0, 0], [0, 2, 2, 1, 0, 1, 0, 1, 2, 2, 0], [0, 2, 0, 1, 1, 1, 1, 1, 0, 2, 0], [0, 2, 0, 0, 0, 2, 0, 0, 0, 2, 0], [0, 3, 2, 2, 2, 2, 2, 2, 2, 2, 0], [0, 0, 0, 0, 0, 0, 0, 0, 0, 0, 0]]"
2026-05-29T19:10:50.358263,0,West,749.0,False,False,False,"[[0, 0, 0, 0, 0, 0, 0, 0, 0, 0, 0], [0, 1, 1, 1, 1, 1, 1, 1, 1, 1, 0], [0, 1, 0, 0, 0, 1, 0, 0, 0, 1, 0], [0, 1, 0, 1, 1, 1, 1, 1, 0, 1, 0], [0, 1, 1, 5, 0, 1, 0, 1, 1, 1, 0], [0, 0, 0, 1, 0, 1, 0, 2, 0, 0, 0], [0, 1, 1, 4, 2, 1, 1, 1, 2, 2, 0], [0, 1, 0, 1, 0, 0, 0, 1, 0, 2, 0], [0, 1, 0, 1, 0, 1, 0, 1, 0, 2, 0], [0, 1, 0, 1, 0, 1, 1, 1, 0, 2, 0], [0, 1, 0, 1, 0, 1, 1, 4, 0, 2, 0], [0, 1, 0, 1, 0, 1, 0, 1, 0, 2, 0], [0, 1, 0, 1, 0, 0, 0, 1, 0, 2, 0], [0, 1, 1, 1, 1, 1, 2, 1, 2, 2, 0], [0, 0, 0, 1, 0, 1, 0, 1, 0, 0, 0], [0, 2, 2, 1, 0, 1, 0, 1, 2, 2, 0], [0, 2, 0, 1, 1, 1, 1, 1, 0, 2, 0], [0, 2, 0, 0, 0, 2, 0, 0, 0, 2, 0], [0, 3, 2, 2, 2, 2, 2, 2, 2, 2, 0], [0, 0, 0, 0, 0, 0, 0, 0, 0, 0, 0]]"
2026-05-29T19:10:50.362324,0,North,748.0,False,False,False,"[[0, 0, 0, 0, 0, 0, 0, 0, 0, 0, 0], [0, 1, 1, 1, 1, 1, 1, 1, 1, 1, 0], [0, 1, 0, 0, 0, 1, 0, 0, 0, 1, 0], [0, 1, 0, 5, 1, 1, 1, 1, 0, 1, 0], [0, 1, 1, 1, 0, 1, 0, 1, 1, 1, 0], [0, 0, 0, 4, 0, 1, 0, 2, 0, 0, 0], [0, 1, 1, 1, 2, 1, 1, 1, 2, 2, 0], [0, 1, 0, 1, 0, 0, 0, 1, 0, 2, 0], [0, 1, 0, 1, 0, 1, 0, 1, 0, 2, 0], [0, 1, 0, 1, 0, 1, 1, 1, 0, 2, 0], [0, 1, 0, 1, 0, 1, 1, 1, 0, 2, 0], [0, 1, 0, 1, 0, 1, 0, 4, 0, 2, 0], [0, 1, 0, 1, 0, 0, 0, 1, 0, 2, 0], [0, 1, 1, 1, 1, 1, 2, 1, 2, 2, 0], [0, 0, 0, 1, 0, 1, 0, 1, 0, 0, 0], [0, 2, 2, 1, 0, 1, 0, 1, 2, 2, 0], [0, 2, 0, 1, 1, 1, 1, 1, 0, 2, 0], [0, 2, 0, 0, 0, 2, 0, 0, 0, 2, 0], [0, 3, 2, 2, 2, 2, 2, 2, 2, 2, 0], [0, 0, 0, 0, 0, 0, 0, 0, 0, 0, 0]]"
2026-05-29T19:10:50.365655,0,North,747.0,False,False,False,"[[0, 0, 0, 0, 0, 0, 0, 0, 0, 0, 0], [0, 1, 1, 1, 1, 1, 1, 1, 1, 1, 0], [0, 1, 0, 0, 0, 1, 0, 0, 0, 1, 0], [0, 1, 0, 1, 5, 1, 1, 1, 0, 1, 0], [0, 1, 1, 4, 0, 1, 0, 1, 1, 1, 0], [0, 0, 0, 1, 0, 1, 0, 2, 0, 0, 0], [0, 1, 1, 1, 2, 1, 1, 1, 2, 2, 0], [0, 1, 0, 1, 0, 0, 0, 1, 0, 2, 0], [0, 1, 0, 1, 0, 1, 0, 1, 0, 2, 0], [0, 1, 0, 1, 0, 1, 1, 1, 0, 2, 0], [0, 1, 0, 1, 0, 1, 1, 1, 0, 2, 0], [0, 1, 0, 1, 0, 1, 0, 1, 0, 2, 0], [0, 1, 0, 1, 0, 0, 0, 4, 0, 2, 0], [0, 1, 1, 1, 1, 1, 2, 1, 2, 2, 0], [0, 0, 0, 1, 0, 1, 0, 1, 0, 0, 0], [0, 2, 2, 1, 0, 1, 0, 1, 2, 2, 0], [0, 2, 0, 1, 1, 1, 1, 1, 0, 2, 0], [0, 2, 0, 0, 0, 2, 0, 0, 0, 2, 0], [0, 3, 2, 2, 2, 2, 2, 2, 2, 2, 0], [0, 0, 0, 0, 0, 0, 0, 0, 0, 0, 0]]"
2026-05-29T19:10:50.370086,0,East,746.0,False,False,False,"[[0, 0, 0, 0, 0, 0, 0, 0, 0, 0, 0], [0, 1, 1, 1, 1, 1, 1, 1, 1, 1, 0], [0, 1, 0, 0, 0, 1, 0, 0, 0, 1, 0], [0, 1, 0, 4, 1, 5, 1, 1, 0, 1, 0], [0, 1, 1, 1, 0, 1, 0, 1, 1, 1, 0], [0, 0, 0, 1, 0, 1, 0, 2, 0, 0, 0], [0, 1, 1, 1, 2, 1, 1, 1, 2, 2, 0], [0, 1, 0, 1, 0, 0, 0, 1, 0, 2, 0], [0, 1, 0, 1, 0, 1, 0, 1, 0, 2, 0], [0, 1, 0, 1, 0, 1, 1, 1, 0, 2, 0], [0, 1, 0, 1, 0, 1, 1, 1, 0, 2, 0], [0, 1, 0, 1, 0, 1, 0, 1, 0, 2, 0], [0, 1, 0, 1, 0, 0, 0, 1, 0, 2, 0], [0, 1, 1, 1, 1, 1, 2, 4, 2, 2, 0], [0, 0, 0, 1, 0, 1, 0, 1, 0, 0, 0], [0, 2, 2, 1, 0, 1, 0, 1, 2, 2, 0], [0, 2, 0, 1, 1, 1, 1, 1, 0, 2, 0], [0, 2, 0, 0, 0, 2, 0, 0, 0, 2, 0], [0, 3, 2, 2, 2, 2, 2, 2, 2, 2, 0], [0, 0, 0, 0, 0, 0, 0, 0, 0, 0, 0]]"
2026-05-29T19:10:50.373527,0,East,745.0,False,False,False,"[[0, 0, 0, 0, 0, 0, 0, 0, 0, 0, 0], [0, 1, 1, 1, 1, 1, 1, 1, 1, 1, 0], [0, 1, 0, 0, 0, 1, 0, 0, 0, 1, 0], [0, 1, 0, 1, 4, 1, 1, 1, 0, 1, 0], [0, 1, 1, 1, 0, 5, 0, 1, 1, 1, 0], [0, 0, 0, 1, 0, 1, 0, 2, 0, 0, 0], [0, 1, 1, 1, 2, 1, 1, 1, 2, 2, 0], [0, 1, 0, 1, 0, 0, 0, 1, 0, 2, 0], [0, 1, 0, 1, 0, 1, 0, 1, 0, 2, 0], [0, 1, 0, 1, 0, 1, 1, 1, 0, 2, 0], [0, 1, 0, 1, 0, 1, 1, 1, 0, 2, 0], [0, 1, 0, 1, 0, 1, 0, 1, 0, 2, 0], [0, 1, 0, 1, 0, 0, 0, 1, 0, 2, 0], [0, 1, 1, 1, 1, 1, 4, 1, 2, 2, 0], [0, 0, 0, 1, 0, 1, 0, 1, 0, 0, 0], [0, 2, 2, 1, 0, 1, 0, 1, 2, 2, 0], [0, 2, 0, 1, 1, 1, 1, 1, 0, 2, 0], [0, 2, 0, 0, 0, 2, 0, 0, 0, 2, 0], [0, 3, 2, 2, 2, 2, 2, 2, 2, 2, 0], [0, 0, 0, 0, 0, 0, 0, 0, 0, 0, 0]]"
2026-05-29T19:10:50.376736,0,East,744.0,False,False,False,"[[0, 0, 0, 0, 0, 0, 0, 0, 0, 0, 0], [0, 1, 1, 1, 1, 1, 1, 1, 1, 1, 0], [0, 1, 0, 0, 0, 1, 0, 0, 0, 1, 0], [0, 1, 0, 1, 1, 4, 1, 1, 0, 1, 0], [0, 1, 1, 1, 0, 1, 0, 1, 1, 1, 0], [0, 0, 0, 1, 0, 5, 0, 2, 0, 0, 0], [0, 1, 1, 1, 2, 1, 1, 1, 2, 2, 0], [0, 1, 0, 1, 0, 0, 0, 1, 0, 2, 0], [0, 1, 0, 1, 0, 1, 0, 1, 0, 2, 0], [0, 1, 0, 1, 0, 1, 1, 1, 0, 2, 0], [0, 1, 0, 1, 0, 1, 1, 1, 0, 2, 0], [0, 1, 0, 1, 0, 1, 0, 1, 0, 2, 0], [0, 1, 0, 1, 0, 0, 0, 1, 0, 2, 0], [0, 1, 1, 1, 1, 4, 2, 1, 2, 2, 0], [0, 0, 0, 1, 0, 1, 0, 1, 0, 0, 0], [0, 2, 2, 1, 0, 1, 0, 1, 2, 2, 0], [0, 2, 0, 1, 1, 1, 1, 1, 0, 2, 0], [0, 2, 0, 0, 0, 2, 0, 0, 0, 2, 0], [0, 3, 2, 2, 2, 2, 2, 2, 2, 2, 0], [0, 0, 0, 0, 0, 0, 0, 0, 0, 0, 0]]"
2026-05-29T19:10:50.380996,0,South,743.0,False,False,False,"[[0, 0, 0, 0, 0, 0, 0, 0, 0, 0, 0], [0, 1, 1, 1, 1, 1, 1, 1, 1, 1, 0], [0, 1, 0, 0, 0, 1, 0, 0, 0, 1, 0], [0, 1, 0, 1, 1, 1, 1, 1, 0, 1, 0], [0, 1, 1, 1, 0, 4, 0, 1, 1, 1, 0], [0, 0, 0, 1, 0, 1, 0, 2, 0, 0, 0], [0, 1, 1, 1, 2, 5, 1, 1, 2, 2, 0], [0, 1, 0, 1, 0, 0, 0, 1, 0, 2, 0], [0, 1, 0, 1, 0, 1, 0, 1, 0, 2, 0], [0, 1, 0, 1, 0, 1, 1, 1, 0, 2, 0], [0, 1, 0, 1, 0, 1, 1, 1, 0, 2, 0], [0, 1, 0, 1, 0, 1, 0, 1, 0, 2, 0], [0, 1, 0, 1, 0, 0, 0, 1, 0, 2, 0], [0, 1, 1, 1, 1, 1, 2, 1, 2, 2, 0], [0, 0, 0, 1, 0, 4, 0, 1, 0, 0, 0], [0, 2, 2, 1, 0, 1, 0, 1, 2, 2, 0], [0, 2, 0, 1, 1, 1, 1, 1, 0, 2, 0], [0, 2, 0, 0, 0, 2, 0, 0, 0, 2, 0], [0, 3, 2, 2, 2, 2, 2, 2, 2, 2, 0], [0, 0, 0, 0, 0, 0, 0, 0, 0, 0, 0]]"
2026-05-29T19:10:50.384155,0,South,752.0,False,False,False,"[[0, 0, 0, 0, 0, 0, 0, 0, 0, 0, 0], [0, 1, 1, 1, 1, 1, 1, 1, 1, 1, 0], [0, 1, 0, 0, 0, 1, 0, 0, 0, 1, 0], [0, 1, 0, 1, 1, 1, 1, 1, 0, 1, 0], [0, 1, 1, 1, 0, 1, 0, 1, 1, 1, 0], [0, 0, 0, 1, 0, 4, 0, 2, 0, 0, 0], [0, 1, 1, 1, 5, 1, 1, 1, 2, 2, 0], [0, 1, 0, 1, 0, 0, 0, 1, 0, 2, 0], [0, 1, 0, 1, 0, 1, 0, 1, 0, 2, 0], [0, 1, 0, 1, 0, 1, 1, 1, 0, 2, 0], [0, 1, 0, 1, 0, 1, 1, 1, 0, 2, 0], [0, 1, 0, 1, 0, 1, 0, 1, 0, 2, 0], [0, 1, 0, 1, 0, 0, 0, 1, 0, 2, 0], [0, 1, 1, 1, 1, 1, 2, 1, 2, 2, 0], [0, 0, 0, 1, 0, 1, 0, 1, 0, 0, 0], [0, 2, 2, 1, 0, 4, 0, 1, 2, 2, 0], [0, 2, 0, 1, 1, 1, 1, 1, 0, 2, 0], [0, 2, 0, 0, 0, 2, 0, 0, 0, 2, 0], [0, 3, 2, 2, 2, 2, 2, 2, 2, 2, 0], [0, 0, 0, 0, 0, 0, 0, 0, 0, 0, 0]]"
2026-05-29T19:10:50.389175,0,West,751.0,False,False,False,"[[0, 0, 0, 0, 0, 0, 0, 0, 0, 0, 0], [0, 1, 1, 1, 1, 1, 1, 1, 1, 1, 0], [0, 1, 0, 0, 0, 1, 0, 0, 0, 1, 0], [0, 1, 0, 1, 1, 1, 1, 1, 0, 1, 0], [0, 1, 1, 1, 0, 1, 0, 1, 1, 1, 0], [0, 0, 0, 1, 0, 1, 0, 2, 0, 0, 0], [0, 1, 1, 5, 1, 4, 1, 1, 2, 2, 0], [0, 1, 0, 1, 0, 0, 0, 1, 0, 2, 0], [0, 1, 0, 1, 0, 1, 0, 1, 0, 2, 0], [0, 1, 0, 1, 0, 1, 1, 1, 0, 2, 0], [0, 1, 0, 1, 0, 1, 1, 1, 0, 2, 0], [0, 1, 0, 1, 0, 1, 0, 1, 0, 2, 0], [0, 1, 0, 1, 0, 0, 0, 1, 0, 2, 0], [0, 1, 1, 1, 1, 1, 2, 1, 2, 2, 0], [0, 0, 0, 1, 0, 1, 0, 1, 0, 0, 0], [0, 2, 2, 1, 0, 1, 0, 1, 2, 2, 0], [0, 2, 0, 1, 1, 4, 1, 1, 0, 2, 0], [0, 2, 0, 0, 0, 2, 0, 0, 0, 2, 0], [0, 3, 2, 2, 2, 2, 2, 2, 2, 2, 0], [0, 0, 0, 0, 0, 0, 0, 0, 0, 0, 0]]"
2026-05-29T19:10:50.392398,0,West,750.0,False,False,False,"[[0, 0, 0, 0, 0, 0, 0, 0, 0, 0, 0], [0, 1, 1, 1, 1, 1, 1, 1, 1, 1, 0], [0, 1, 0, 0, 0, 1, 0, 0, 0, 1, 0], [0, 1, 0, 1, 1, 1, 1, 1, 0, 1, 0], [0, 1, 1, 1, 0, 1, 0, 1, 1, 1, 0], [0, 0, 0, 5, 0, 1, 0, 2, 0, 0, 0], [0, 1, 1, 1, 4, 1, 1, 1, 2, 2, 0], [0, 1, 0, 1, 0, 0, 0, 1, 0, 2, 0], [0, 1, 0, 1, 0, 1, 0, 1, 0, 2, 0], [0, 1, 0, 1, 0, 1, 1, 1, 0, 2, 0], [0, 1, 0, 1, 0, 1, 1, 1, 0, 2, 0], [0, 1, 0, 1, 0, 1, 0, 1, 0, 2, 0], [0, 1, 0, 1, 0, 0, 0, 1, 0, 2, 0], [0, 1, 1, 1, 1, 1, 2, 1, 2, 2, 0], [0, 0, 0, 1, 0, 1, 0, 1, 0, 0, 0], [0, 2, 2, 1, 0, 1, 0, 1, 2, 2, 0], [0, 2, 0, 1, 4, 1, 1, 1, 0, 2, 0], [0, 2, 0, 0, 0, 2, 0, 0, 0, 2, 0], [0, 3, 2, 2, 2, 2, 2, 2, 2, 2, 0], [0, 0, 0, 0, 0, 0, 0, 0, 0, 0, 0]]"
2026-05-29T19:10:50.395981,0,West,749.0,False,False,False,"[[0, 0, 0, 0, 0, 0, 0, 0, 0, 0, 0], [0, 1, 1, 1, 1, 1, 1, 1, 1, 1, 0], [0, 1, 0, 0, 0, 1, 0, 0, 0, 1, 0], [0, 1, 0, 1, 1, 1, 1, 1, 0, 1, 0], [0, 1, 1, 5, 0, 1, 0, 1, 1, 1, 0], [0, 0, 0, 1, 0, 1, 0, 2, 0, 0, 0], [0, 1, 1, 4, 1, 1, 1, 1, 2, 2, 0], [0, 1, 0, 1, 0, 0, 0, 1, 0, 2, 0], [0, 1, 0, 1, 0, 1, 0, 1, 0, 2, 0], [0, 1, 0, 1, 0, 1, 1, 1, 0, 2, 0], [0, 1, 0, 1, 0, 1, 1, 1, 0, 2, 0], [0, 1, 0, 1, 0, 1, 0, 1, 0, 2, 0], [0, 1, 0, 1, 0, 0, 0, 1, 0, 2, 0], [0, 1, 1, 1, 1, 1, 2, 1, 2, 2, 0], [0, 0, 0, 1, 0, 1, 0, 1, 0, 0, 0], [0, 2, 2, 1, 0, 1, 0, 1, 2, 2, 0], [0, 2, 0, 4, 1, 1, 1, 1, 0, 2, 0], [0, 2, 0, 0, 0, 2, 0, 0, 0, 2, 0], [0, 3, 2, 2, 2, 2, 2, 2, 2, 2, 0], [0, 0, 0, 0, 0, 0, 0, 0, 0, 0, 0]]"
2026-05-29T19:10:50.398991,0,North,748.0,False,False,False,"[[0, 0, 0, 0, 0, 0, 0, 0, 0, 0, 0], [0, 1, 1, 1, 1, 1, 1, 1, 1, 1, 0], [0, 1, 0, 0, 0, 1, 0, 0, 0, 1, 0], [0, 1, 0, 5, 1, 1, 1, 1, 0, 1, 0], [0, 1, 1, 1, 0, 1, 0, 1, 1, 1, 0], [0, 0, 0, 4, 0, 1, 0, 2, 0, 0, 0], [0, 1, 1, 1, 1, 1, 1, 1, 2, 2, 0], [0, 1, 0, 1, 0, 0, 0, 1, 0, 2, 0], [0, 1, 0, 1, 0, 1, 0, 1, 0, 2, 0], [0, 1, 0, 1, 0, 1, 1, 1, 0, 2, 0], [0, 1, 0, 1, 0, 1, 1, 1, 0, 2, 0], [0, 1, 0, 1, 0, 1, 0, 1, 0, 2, 0], [0, 1, 0, 1, 0, 0, 0, 1, 0, 2, 0], [0, 1, 1, 1, 1, 1, 2, 1, 2, 2, 0], [0, 0, 0, 1, 0, 1, 0, 1, 0, 0, 0], [0, 2, 2, 4, 0, 1, 0, 1, 2, 2, 0], [0, 2, 0, 1, 1, 1, 1, 1, 0, 2, 0], [0, 2, 0, 0, 0, 2, 0, 0, 0, 2, 0], [0, 3, 2, 2, 2, 2, 2, 2, 2, 2, 0], [0, 0, 0, 0, 0, 0, 0, 0, 0, 0, 0]]"
2026-05-29T19:10:50.402232,0,North,747.0,False,False,False,"[[0, 0, 0, 0, 0, 0, 0, 0, 0, 0, 0], [0, 1, 1, 1, 1, 1, 1, 1, 1, 1, 0], [0, 1, 0, 0, 0, 1, 0, 0, 0, 1, 0], [0, 1, 0, 1, 5, 1, 1, 1, 0, 1, 0], [0, 1, 1, 4, 0, 1, 0, 1, 1, 1, 0], [0, 0, 0, 1, 0, 1, 0, 2, 0, 0, 0], [0, 1, 1, 1, 1, 1, 1, 1, 2, 2, 0], [0, 1, 0, 1, 0, 0, 0, 1, 0, 2, 0], [0, 1, 0, 1, 0, 1, 0, 1, 0, 2, 0], [0, 1, 0, 1, 0, 1, 1, 1, 0, 2, 0], [0, 1, 0, 1, 0, 1, 1, 1, 0, 2, 0], [0, 1, 0, 1, 0, 1, 0, 1, 0, 2, 0], [0, 1, 0, 1, 0, 0, 0, 1, 0, 2, 0], [0, 1, 1, 1, 1, 1, 2, 1, 2, 2, 0], [0, 0, 0, 4, 0, 1, 0, 1, 0, 0, 0], [0, 2, 2, 1, 0, 1, 0, 1, 2, 2, 0], [0, 2, 0, 1, 1, 1, 1, 1, 0, 2, 0], [0, 2, 0, 0, 0, 2, 0, 0, 0, 2, 0], [0, 3, 2, 2, 2, 2, 2, 2, 2, 2, 0], [0, 0, 0, 0, 0, 0, 0, 0, 0, 0, 0]]"
2026-05-29T19:10:50.406512,0,West,746.0,False,False,False,"[[0, 0, 0, 0, 0, 0, 0, 0, 0, 0, 0], [0, 1, 1, 1, 1, 1, 1, 1, 1, 1, 0], [0, 1, 0, 0, 0, 1, 0, 0, 0, 1, 0], [0, 1, 0, 4, 1, 5, 1, 1, 0, 1, 0], [0, 1, 1, 1, 0, 1, 0, 1, 1, 1, 0], [0, 0, 0, 1, 0, 1, 0, 2, 0, 0, 0], [0, 1, 1, 1, 1, 1, 1, 1, 2, 2, 0], [0, 1, 0, 1, 0, 0, 0, 1, 0, 2, 0], [0, 1, 0, 1, 0, 1, 0, 1, 0, 2, 0], [0, 1, 0, 1, 0, 1, 1, 1, 0, 2, 0], [0, 1, 0, 1, 0, 1, 1, 1, 0, 2, 0], [0, 1, 0, 1, 0, 1, 0, 1, 0, 2, 0], [0, 1, 0, 1, 0, 0, 0, 1, 0, 2, 0], [0, 1, 1, 4, 1, 1, 2, 1, 2, 2, 0], [0, 0, 0, 1, 0, 1, 0, 1, 0, 0, 0], [0, 2, 2, 1, 0, 1, 0, 1, 2, 2, 0], [0, 2, 0, 1, 1, 1, 1, 1, 0, 2, 0], [0, 2, 0, 0, 0, 2, 0, 0, 0, 2, 0], [0, 3, 2, 2, 2, 2, 2, 2, 2, 2, 0], [0, 0, 0, 0, 0, 0, 0, 0, 0, 0, 0]]"
2026-05-29T19:10:50.409983,0,West,745.0,False,False,False,"[[0, 0, 0, 0, 0, 0, 0, 0, 0, 0, 0], [0, 1, 1, 1, 1, 1, 1, 1, 1, 1, 0], [0, 1, 0, 0, 0, 5, 0, 0, 0, 1, 0], [0, 1, 0, 1, 4, 1, 1, 1, 0, 1, 0], [0, 1, 1, 1, 0, 1, 0, 1, 1, 1, 0], [0, 0, 0, 1, 0, 1, 0, 2, 0, 0, 0], [0, 1, 1, 1, 1, 1, 1, 1, 2, 2, 0], [0, 1, 0, 1, 0, 0, 0, 1, 0, 2, 0], [0, 1, 0, 1, 0, 1, 0, 1, 0, 2, 0], [0, 1, 0, 1, 0, 1, 1, 1, 0, 2, 0], [0, 1, 0, 1, 0, 1, 1, 1, 0, 2, 0], [0, 1, 0, 1, 0, 1, 0, 1, 0, 2, 0], [0, 1, 0, 4, 0, 0, 0, 1, 0, 2, 0], [0, 1, 1, 1, 1, 1, 2, 1, 2, 2, 0], [0, 0, 0, 1, 0, 1, 0, 1, 0, 0, 0], [0, 2, 2, 1, 0, 1, 0, 1, 2, 2, 0], [0, 2, 0, 1, 1, 1, 1, 1, 0, 2, 0], [0, 2, 0, 0, 0, 2, 0, 0, 0, 2, 0], [0, 3, 2, 2, 2, 2, 2, 2, 2, 2, 0], [0, 0, 0, 0, 0, 0, 0, 0, 0, 0, 0]]"
2026-05-29T19:10:50.413815,0,South,744.0,False,False,False,"[[0, 0, 0, 0, 0, 0, 0, 0, 0, 0, 0], [0, 1, 1, 1, 1, 5, 1, 1, 1, 1, 0], [0, 1, 0, 0, 0, 1, 0, 0, 0, 1, 0], [0, 1, 0, 1, 1, 4, 1, 1, 0, 1, 0], [0, 1, 1, 1, 0, 1, 0, 1, 1, 1, 0], [0, 0, 0, 1, 0, 1, 0, 2, 0, 0, 0], [0, 1, 1, 1, 1, 1, 1, 1, 2, 2, 0], [0, 1, 0, 1, 0, 0, 0, 1, 0, 2, 0], [0, 1, 0, 1, 0, 1, 0, 1, 0, 2, 0], [0, 1, 0, 1, 0, 1, 1, 1, 0, 2, 0], [0, 1, 0, 1, 0, 1, 1, 1, 0, 2, 0], [0, 1, 0, 4, 0, 1, 0, 1, 0, 2, 0], [0, 1, 0, 1, 0, 0, 0, 1, 0, 2, 0], [0, 1, 1, 1, 1, 1, 2, 1, 2, 2, 0], [0, 0, 0, 1, 0, 1, 0, 1, 0, 0, 0], [0, 2, 2, 1, 0, 1, 0, 1, 2, 2, 0], [0, 2, 0, 1, 1, 1, 1, 1, 0, 2, 0], [0, 2, 0, 0, 0, 2, 0, 0, 0, 2, 0], [0, 3, 2, 2, 2, 2, 2, 2, 2, 2, 0], [0, 0, 0, 0, 0, 0, 0, 0, 0, 0, 0]]"
2026-05-29T19:10:50.417253,0,South,743.0,False,False,False,"[[0, 0, 0, 0, 0, 0, 0, 0, 0, 0, 0], [0, 1, 1, 1, 5, 1, 1, 1, 1, 1, 0], [0, 1, 0, 0, 0, 4, 0, 0, 0, 1, 0], [0, 1, 0, 1, 1, 1, 1, 1, 0, 1, 0], [0, 1, 1, 1, 0, 1, 0, 1, 1, 1, 0], [0, 0, 0, 1, 0, 1, 0, 2, 0, 0, 0], [0, 1, 1, 1, 1, 1, 1, 1, 2, 2, 0], [0, 1, 0, 1, 0, 0, 0, 1, 0, 2, 0], [0, 1, 0, 1, 0, 1, 0, 1, 0, 2, 0], [0, 1, 0, 1, 0, 1, 1, 1, 0, 2, 0], [0, 1, 0, 4, 0, 1, 1, 1, 0, 2, 0], [0, 1, 0, 1, 0, 1, 0, 1, 0, 2, 0], [0, 1, 0, 1, 0, 0, 0, 1, 0, 2, 0], [0, 1, 1, 1, 1, 1, 2, 1, 2, 2, 0], [0, 0, 0, 1, 0, 1, 0, 1, 0, 0, 0], [0, 2, 2, 1, 0, 1, 0, 1, 2, 2, 0], [0, 2, 0, 1, 1, 1, 1, 1, 0, 2, 0], [0, 2, 0, 0, 0, 2, 0, 0, 0, 2, 0], [0, 3, 2, 2, 2, 2, 2, 2, 2, 2, 0], [0, 0, 0, 0, 0, 0, 0, 0, 0, 0, 0]]"
2026-05-29T19:10:50.420890,0,South,742.0,False,False,False,"[[0, 0, 0, 0, 0, 0, 0, 0, 0, 0, 0], [0, 1, 1, 5, 1, 4, 1, 1, 1, 1, 0], [0, 1, 0, 0, 0, 1, 0, 0, 0, 1, 0], [0, 1, 0, 1, 1, 1, 1, 1, 0, 1, 0], [0, 1, 1, 1, 0, 1, 0, 1, 1, 1, 0], [0, 0, 0, 1, 0, 1, 0, 2, 0, 0, 0], [0, 1, 1, 1, 1, 1, 1, 1, 2, 2, 0], [0, 1, 0, 1, 0, 0, 0, 1, 0, 2, 0], [0, 1, 0, 1, 0, 1, 0, 1, 0, 2, 0], [0, 1, 0, 4, 0, 1, 1, 1, 0, 2, 0], [0, 1, 0, 1, 0, 1, 1, 1, 0, 2, 0], [0, 1, 0, 1, 0, 1, 0, 1, 0, 2, 0], [0, 1, 0, 1, 0, 0, 0, 1, 0, 2, 0], [0, 1, 1, 1, 1, 1, 2, 1, 2, 2, 0], [0, 0, 0, 1, 0, 1, 0, 1, 0, 0, 0], [0, 2, 2, 1, 0, 1, 0, 1, 2, 2, 0], [0, 2, 0, 1, 1, 1, 1, 1, 0, 2, 0], [0, 2, 0, 0, 0, 2, 0, 0, 0, 2, 0], [0, 3, 2, 2, 2, 2, 2, 2, 2, 2, 0], [0, 0, 0, 0, 0, 0, 0, 0, 0, 0, 0]]"
2026-05-29T19:10:50.424570,0,South,741.0,False,False,False,"[[0, 0, 0, 0, 0, 0, 0, 0, 0, 0, 0], [0, 1, 5, 1, 4, 1, 1, 1, 1, 1, 0], [0, 1, 0, 0, 0, 1, 0, 0, 0, 1, 0], [0, 1, 0, 1, 1, 1, 1, 1, 0, 1, 0], [0, 1, 1, 1, 0, 1, 0, 1, 1, 1, 0], [0, 0, 0, 1, 0, 1, 0, 2, 0, 0, 0], [0, 1, 1, 1, 1, 1, 1, 1, 2, 2, 0], [0, 1, 0, 1, 0, 0, 0, 1, 0, 2, 0], [0, 1, 0, 4, 0, 1, 0, 1, 0, 2, 0], [0, 1, 0, 1, 0, 1, 1, 1, 0, 2, 0], [0, 1, 0, 1, 0, 1, 1, 1, 0, 2, 0], [0, 1, 0, 1, 0, 1, 0, 1, 0, 2, 0], [0, 1, 0, 1, 0, 0, 0, 1, 0, 2, 0], [0, 1, 1, 1, 1, 1, 2, 1, 2, 2, 0], [0, 0, 0, 1, 0, 1, 0, 1, 0, 0, 0], [0, 2, 2, 1, 0, 1, 0, 1, 2, 2, 0], [0, 2, 0, 1, 1, 1, 1, 1, 0, 2, 0], [0, 2, 0, 0, 0, 2, 0, 0, 0, 2, 0], [0, 3, 2, 2, 2, 2, 2, 2, 2, 2, 0], [0, 0, 0, 0, 0, 0, 0, 0, 0, 0, 0]]"
2026-05-29T19:10:50.427522,0,East,740.0,False,False,False,"[[0, 0, 0, 0, 0, 0, 0, 0, 0, 0, 0], [0, 5, 1, 4, 1, 1, 1, 1, 1, 1, 0], [0, 1, 0, 0, 0, 1, 0, 0, 0, 1, 0], [0, 1, 0, 1, 1, 1, 1, 1, 0, 1, 0], [0, 1, 1, 1, 0, 1, 0, 1, 1, 1, 0], [0, 0, 0, 1, 0, 1, 0, 2, 0, 0, 0], [0, 1, 1, 1, 1, 1, 1, 1, 2, 2, 0], [0, 1, 0, 4, 0, 0, 0, 1, 0, 2, 0], [0, 1, 0, 1, 0, 1, 0, 1, 0, 2, 0], [0, 1, 0, 1, 0, 1, 1, 1, 0, 2, 0], [0, 1, 0, 1, 0, 1, 1, 1, 0, 2, 0], [0, 1, 0, 1, 0, 1, 0, 1, 0, 2, 0], [0, 1, 0, 1, 0, 0, 0, 1, 0, 2, 0], [0, 1, 1, 1, 1, 1, 2, 1, 2, 2, 0], [0, 0, 0, 1, 0, 1, 0, 1, 0, 0, 0], [0, 2, 2, 1, 0, 1, 0, 1, 2, 2, 0], [0, 2, 0, 1, 1, 1, 1, 1, 0, 2, 0], [0, 2, 0, 0, 0, 2, 0, 0, 0, 2, 0], [0, 3, 2, 2, 2, 2, 2, 2, 2, 2, 0], [0, 0, 0, 0, 0, 0, 0, 0, 0, 0, 0]]"
2026-05-29T19:10:50.430778,0,East,739.0,False,False,False,"[[0, 0, 0, 0, 0, 0, 0, 0, 0, 0, 0], [0, 1, 4, 1, 1, 1, 1, 1, 1, 1, 0], [0, 5, 0, 0, 0, 1, 0, 0, 0, 1, 0], [0, 1, 0, 1, 1, 1, 1, 1, 0, 1, 0], [0, 1, 1, 1, 0, 1, 0, 1, 1, 1, 0], [0, 0, 0, 1, 0, 1, 0, 2, 0, 0, 0], [0, 1, 1, 4, 1, 1, 1, 1, 2, 2, 0], [0, 1, 0, 1, 0, 0, 0, 1, 0, 2, 0], [0, 1, 0, 1, 0, 1, 0, 1, 0, 2, 0], [0, 1, 0, 1, 0, 1, 1, 1, 0, 2, 0], [0, 1, 0, 1, 0, 1, 1, 1, 0, 2, 0], [0, 1, 0, 1, 0, 1, 0, 1, 0, 2, 0], [0, 1, 0, 1, 0, 0, 0, 1, 0, 2, 0], [0, 1, 1, 1, 1, 1, 2, 1, 2, 2, 0], [0, 0, 0, 1, 0, 1, 0, 1, 0, 0, 0], [0, 2, 2, 1, 0, 1, 0, 1, 2, 2, 0], [0, 2, 0, 1, 1, 1, 1, 1, 0, 2, 0], [0, 2, 0, 0, 0, 2, 0, 0, 0, 2, 0], [0, 3, 2, 2, 2, 2, 2, 2, 2, 2, 0], [0, 0, 0, 0, 0, 0, 0, 0, 0, 0, 0]]"
2026-05-29T19:10:50.433711,0,East,738.0,False,False,False,"[[0, 0, 0, 0, 0, 0, 0, 0, 0, 0, 0], [0, 4, 1, 1, 1, 1, 1, 1, 1, 1, 0], [0, 1, 0, 0, 0, 1, 0, 0, 0, 1, 0], [0, 5, 0, 1, 1, 1, 1, 1, 0, 1, 0], [0, 1, 1, 1, 0, 1, 0, 1, 1, 1, 0], [0, 0, 0, 4, 0, 1, 0, 2, 0, 0, 0], [0, 1, 1, 1, 1, 1, 1, 1, 2, 2, 0], [0, 1, 0, 1, 0, 0, 0, 1, 0, 2, 0], [0, 1, 0, 1, 0, 1, 0, 1, 0, 2, 0], [0, 1, 0, 1, 0, 1, 1, 1, 0, 2, 0], [0, 1, 0, 1, 0, 1, 1, 1, 0, 2, 0], [0, 1, 0, 1, 0, 1, 0, 1, 0, 2, 0], [0, 1, 0, 1, 0, 0, 0, 1, 0, 2, 0], [0, 1, 1, 1, 1, 1, 2, 1, 2, 2, 0], [0, 0, 0, 1, 0, 1, 0, 1, 0, 0, 0], [0, 2, 2, 1, 0, 1, 0, 1, 2, 2, 0], [0, 2, 0, 1, 1, 1, 1, 1, 0, 2, 0], [0, 2, 0, 0, 0, 2, 0, 0, 0, 2, 0], [0, 3, 2, 2, 2, 2, 2, 2, 2, 2, 0], [0, 0, 0, 0, 0, 0, 0, 0, 0, 0, 0]]"
2026-05-29T19:10:50.436902,0,West,737.0,False,False,False,"[[0, 0, 0, 0, 0, 0, 0, 0, 0, 0, 0], [0, 1, 1, 1, 1, 1, 1, 1, 1, 1, 0], [0, 4, 0, 0, 0, 1, 0, 0, 0, 1, 0], [0, 1, 0, 1, 1, 1, 1, 1, 0, 1, 0], [0, 5, 1, 4, 0, 1, 0, 1, 1, 1, 0], [0, 0, 0, 1, 0, 1, 0, 2, 0, 0, 0], [0, 1, 1, 1, 1, 1, 1, 1, 2, 2, 0], [0, 1, 0, 1, 0, 0, 0, 1, 0, 2, 0], [0, 1, 0, 1, 0, 1, 0, 1, 0, 2, 0], [0, 1, 0, 1, 0, 1, 1, 1, 0, 2, 0], [0, 1, 0, 1, 0, 1, 1, 1, 0, 2, 0], [0, 1, 0, 1, 0, 1, 0, 1, 0, 2, 0], [0, 1, 0, 1, 0, 0, 0, 1, 0, 2, 0], [0, 1, 1, 1, 1, 1, 2, 1, 2, 2, 0], [0, 0, 0, 1, 0, 1, 0, 1, 0, 0, 0], [0, 2, 2, 1, 0, 1, 0, 1, 2, 2, 0], [0, 2, 0, 1, 1, 1, 1, 1, 0, 2, 0], [0, 2, 0, 0, 0, 2, 0, 0, 0, 2, 0], [0, 3, 2, 2, 2, 2, 2, 2, 2, 2, 0], [0, 0, 0, 0, 0, 0, 0, 0, 0, 0, 0]]"
